      50        9.8000  0.10000E+01  0.45074E-33  0.29813E-24  0.76258E-24  0.46869E-12  0.19347E-17  0.29607E-06  0.18759E-23  0.18040E-24  0.10033E-05  0.68461E-32  0.50968E-24  0.51896E-23  0.47831E-12  0.59107E-12  0.22003E-23  0.13842E-24  0.12767E-06  0.11551E-06  0.14580E-23  0.17711E-24
     100       19.8000  0.10000E+01  0.98047E-33  0.25574E-24  0.65414E-24  0.44248E-12  0.18267E-17  0.33091E-06  0.26174E-23  0.25176E-24  0.15249E-05  0.38710E-31  0.84034E-24  0.85522E-23  0.78717E-12  0.97274E-12  0.35883E-23  0.22580E-24  0.20376E-06  0.18156E-06  0.20485E-23  0.24867E-24
     150       29.8000  0.10000E+01  0.10541E-31  0.48675E-24  0.12466E-23  0.83970E-12  0.34692E-17  0.54268E-06  0.33032E-23  0.31766E-24  0.16347E-05  0.20935E-30  0.63571E-24  0.64634E-23  0.58654E-12  0.72480E-12  0.21183E-23  0.13385E-24  0.12963E-06  0.12756E-06  0.24047E-23  0.29229E-24
     200       39.8000  0.10000E+01  0.19298E-31  0.32395E-24  0.82923E-24  0.39761E-12  0.16380E-17  0.21064E-06  0.16904E-23  0.16279E-24  0.12948E-05  0.23146E-30  0.10522E-23  0.10705E-22  0.99974E-12  0.12354E-11  0.51928E-23  0.32677E-24  0.28637E-06  0.25234E-06  0.24895E-23  0.30151E-24
     250       49.8000  0.10000E+01  0.64934E-31  0.67493E-24  0.17297E-23  0.10795E-11  0.44563E-17  0.57952E-06  0.18757E-23  0.18140E-24  0.92184E-06  0.45094E-30  0.77526E-24  0.78847E-23  0.79250E-12  0.97932E-12  0.62394E-23  0.39335E-24  0.36205E-06  0.32524E-06  0.30860E-23  0.37348E-24
     300       59.8000  0.10000E+01  0.11909E-30  0.67678E-24  0.17333E-23  0.11252E-11  0.46430E-17  0.62723E-06  0.19581E-23  0.18912E-24  0.10475E-05  0.94847E-30  0.10386E-23  0.10566E-22  0.10369E-11  0.12814E-11  0.58848E-23  0.37155E-24  0.28962E-06  0.25288E-06  0.32665E-23  0.39564E-24
     350       69.8000  0.10000E+01  0.19124E-30  0.62984E-24  0.16124E-23  0.72365E-12  0.29774E-17  0.32784E-06  0.27119E-23  0.25992E-24  0.22190E-05  0.27530E-29  0.12665E-23  0.12881E-22  0.11267E-11  0.13923E-11  0.33456E-23  0.21097E-24  0.29401E-06  0.30946E-06  0.57402E-23  0.69663E-24
     400       79.8000  0.10000E+01  0.34181E-30  0.23451E-24  0.60106E-24  0.57510E-12  0.23823E-17  0.57561E-06  0.38114E-23  0.36940E-24  0.15653E-05  0.37066E-29  0.91125E-24  0.92380E-23  0.95383E-12  0.11787E-11  0.64722E-23  0.40983E-24  0.28592E-06  0.25506E-06  0.45772E-23  0.55510E-24
     450       89.8000  0.10000E+01  0.90978E-30  0.57735E-24  0.14841E-23  0.61738E-12  0.25419E-17  0.29025E-06  0.41878E-23  0.40490E-24  0.27301E-05  0.80192E-29  0.76946E-24  0.77865E-23  0.78580E-12  0.97104E-12  0.74074E-23  0.46838E-24  0.38712E-06  0.34673E-06  0.41552E-23  0.50334E-24
     500       99.8000  0.10000E+01  0.20970E-29  0.63423E-24  0.16305E-23  0.97692E-12  0.40270E-17  0.44501E-06  0.38358E-23  0.36925E-24  0.28075E-05  0.13313E-28  0.79664E-24  0.80629E-23  0.81375E-12  0.10056E-11  0.74941E-23  0.47441E-24  0.36002E-06  0.32402E-06  0.51207E-23  0.62061E-24
     550      109.8000  0.10000E+01  0.41215E-29  0.65968E-24  0.16962E-23  0.86143E-12  0.35436E-17  0.36637E-06  0.46076E-23  0.44455E-24  0.27201E-05  0.16923E-28  0.90579E-24  0.91622E-23  0.10639E-11  0.13147E-11  0.51431E-23  0.32633E-24  0.26788E-06  0.26747E-06  0.61094E-23  0.74142E-24
     600      119.8000  0.10000E+01  0.74265E-29  0.66329E-24  0.17022E-23  0.48862E-12  0.20065E-17  0.34507E-06  0.35072E-23  0.34323E-24  0.14967E-05  0.20520E-28  0.14797E-23  0.15025E-22  0.13394E-11  0.16551E-11  0.55557E-23  0.35088E-24  0.49168E-06  0.47143E-06  0.40907E-23  0.49427E-24
     650      129.8000  0.10000E+01  0.13392E-28  0.23465E-24  0.60076E-24  0.87069E-12  0.36125E-17  0.78866E-06  0.33493E-23  0.31847E-24  0.26908E-05  0.20426E-28  0.81399E-24  0.82192E-23  0.88478E-12  0.10934E-11  0.53069E-23  0.33651E-24  0.29219E-06  0.28614E-06  0.52644E-23  0.63694E-24
     700      139.8000  0.10000E+01  0.19808E-28  0.72057E-24  0.18524E-23  0.60547E-12  0.24917E-17  0.34580E-06  0.27511E-23  0.26873E-24  0.13780E-05  0.21333E-28  0.11314E-23  0.11498E-22  0.86264E-12  0.10660E-11  0.78669E-23  0.49972E-24  0.31846E-06  0.31275E-06  0.65148E-23  0.78835E-24
     750      149.8000  0.10000E+01  0.24818E-28  0.52275E-24  0.13457E-23  0.11427E-11  0.46994E-17  0.44507E-06  0.43053E-23  0.42129E-24  0.18299E-05  0.24046E-28  0.15112E-23  0.15315E-22  0.13295E-11  0.16429E-11  0.83599E-23  0.53245E-24  0.36440E-06  0.35858E-06  0.64659E-23  0.78321E-24
     800      159.8000  0.10000E+01  0.26204E-28  0.32880E-24  0.84496E-24  0.12189E-11  0.50317E-17  0.61575E-06  0.46779E-23  0.45663E-24  0.20546E-05  0.33767E-28  0.15456E-23  0.15643E-22  0.13442E-11  0.16611E-11  0.82678E-23  0.52789E-24  0.31277E-06  0.31290E-06  0.57380E-23  0.69500E-24
     850      169.8000  0.10000E+01  0.32899E-28  0.31670E-24  0.81691E-24  0.13193E-11  0.54559E-17  0.55942E-06  0.41830E-23  0.40885E-24  0.16160E-05  0.45370E-28  0.11646E-23  0.11793E-22  0.90004E-12  0.11122E-11  0.52424E-23  0.33380E-24  0.35625E-06  0.32791E-06  0.40417E-23  0.48885E-24
     900      179.8000  0.10000E+01  0.58195E-28  0.41632E-24  0.10774E-23  0.11418E-11  0.46988E-17  0.34725E-06  0.26264E-23  0.25395E-24  0.16216E-05  0.45355E-28  0.73669E-24  0.74568E-23  0.81637E-12  0.10088E-11  0.51255E-23  0.32259E-24  0.53903E-06  0.51666E-06  0.64794E-23  0.78132E-24
     950      189.8000  0.10000E+01  0.10230E-27  0.72976E-24  0.18672E-23  0.30702E-12  0.12538E-17  0.52063E-06  0.34870E-23  0.33516E-24  0.30975E-05  0.37652E-28  0.16941E-23  0.17121E-22  0.15970E-11  0.19735E-11  0.71966E-23  0.45832E-24  0.29897E-06  0.28698E-06  0.41494E-23  0.50174E-24
    1000      199.8000  0.10000E+01  0.15308E-27  0.35176E-24  0.90534E-24  0.13201E-11  0.54916E-17  0.72480E-06  0.38303E-23  0.37498E-24  0.14034E-05  0.22716E-28  0.72473E-24  0.73282E-23  0.77663E-12  0.95970E-12  0.75013E-23  0.47703E-24  0.45741E-06  0.48465E-06  0.61979E-23  0.74667E-24
    1050      209.8000  0.10000E+01  0.19384E-27  0.64184E-24  0.16488E-23  0.37729E-12  0.15422E-17  0.47628E-06  0.39372E-23  0.38017E-24  0.29840E-05  0.21358E-28  0.14794E-23  0.14956E-22  0.11727E-11  0.14492E-11  0.37664E-23  0.23774E-24  0.52073E-06  0.45273E-06  0.65619E-23  0.79409E-24
    1100      219.8000  0.10000E+01  0.24971E-27  0.25603E-24  0.65408E-24  0.10054E-11  0.41244E-17  0.43638E-06  0.27760E-23  0.26194E-24  0.26717E-05  0.42487E-28  0.16337E-23  0.16501E-22  0.15310E-11  0.18920E-11  0.41000E-23  0.25878E-24  0.47353E-06  0.38068E-06  0.64402E-23  0.77893E-24
    1150      229.8000  0.10000E+01  0.34437E-27  0.65332E-24  0.16718E-23  0.96985E-12  0.40382E-17  0.77210E-06  0.33232E-23  0.31982E-24  0.18079E-05  0.82944E-28  0.13412E-23  0.13569E-22  0.13938E-11  0.17223E-11  0.50000E-23  0.31843E-24  0.43452E-06  0.34082E-06  0.62765E-23  0.75937E-24
    1200      239.8000  0.10000E+01  0.47490E-27  0.84569E-24  0.21680E-23  0.69189E-12  0.28959E-17  0.82216E-06  0.36934E-23  0.35877E-24  0.15677E-05  0.12065E-27  0.12796E-23  0.12962E-22  0.13237E-11  0.16358E-11  0.42827E-23  0.27233E-24  0.47501E-06  0.36717E-06  0.64835E-23  0.78412E-24
    1250      249.8000  0.10000E+01  0.59363E-27  0.81602E-24  0.20917E-23  0.59646E-12  0.24965E-17  0.80127E-06  0.35474E-23  0.34384E-24  0.16926E-05  0.12934E-27  0.14337E-23  0.14523E-22  0.13191E-11  0.16301E-11  0.42340E-23  0.26807E-24  0.51279E-06  0.46168E-06  0.56238E-23  0.67762E-24
    1300      259.8000  0.10000E+01  0.68094E-27  0.77106E-24  0.19745E-23  0.64971E-12  0.27300E-17  0.81214E-06  0.31152E-23  0.29727E-24  0.23012E-05  0.10394E-27  0.14492E-23  0.14660E-22  0.11042E-11  0.13645E-11  0.81356E-23  0.51934E-24  0.37177E-06  0.47131E-06  0.44229E-23  0.53195E-24
    1350      269.8000  0.10000E+01  0.79285E-27  0.68638E-24  0.17581E-23  0.84452E-12  0.35348E-17  0.74564E-06  0.32479E-23  0.30628E-24  0.31002E-05  0.75260E-28  0.97384E-24  0.98160E-23  0.90294E-12  0.11158E-11  0.80051E-23  0.51200E-24  0.35460E-06  0.29927E-06  0.64408E-23  0.77847E-24
    1400      279.8000  0.10000E+01  0.97984E-27  0.47378E-24  0.12174E-23  0.10892E-11  0.44635E-17  0.44026E-06  0.36709E-23  0.36308E-24  0.22580E-05  0.11372E-27  0.11687E-23  0.11778E-22  0.14446E-11  0.17852E-11  0.41218E-23  0.26019E-24  0.51593E-06  0.50530E-06  0.42762E-23  0.51422E-24
    1450      289.8000  0.10000E+01  0.11780E-26  0.27910E-24  0.71938E-24  0.72951E-12  0.29705E-17  0.43615E-06  0.33593E-23  0.32643E-24  0.17424E-05  0.24392E-27  0.13105E-23  0.13249E-22  0.88982E-12  0.10996E-11  0.83298E-23  0.53341E-24  0.36414E-06  0.34984E-06  0.68224E-23  0.82389E-24
    1500      299.8000  0.10000E+01  0.13006E-26  0.58380E-24  0.14997E-23  0.58606E-12  0.24575E-17  0.81155E-06  0.34997E-23  0.33532E-24  0.29854E-05  0.40162E-27  0.10831E-23  0.10893E-22  0.14180E-11  0.17522E-11  0.55881E-23  0.35546E-24  0.43014E-06  0.49272E-06  0.46116E-23  0.55568E-24
    1550      309.8000  0.10000E+01  0.14235E-26  0.51647E-24  0.13289E-23  0.11658E-11  0.47785E-17  0.34593E-06  0.33746E-23  0.33034E-24  0.16556E-05  0.51010E-27  0.11150E-23  0.11284E-22  0.76351E-12  0.94351E-12  0.48574E-23  0.30882E-24  0.52036E-06  0.34185E-06  0.46538E-23  0.56017E-24
    1600      319.8000  0.10000E+01  0.17699E-26  0.50312E-24  0.12912E-23  0.59276E-12  0.25025E-17  0.80789E-06  0.35636E-23  0.34991E-24  0.26085E-05  0.47698E-27  0.15436E-23  0.15548E-22  0.15145E-11  0.18715E-11  0.92220E-23  0.59306E-24  0.34389E-06  0.35807E-06  0.68305E-23  0.82372E-24
    1650      329.8000  0.10000E+01  0.24609E-26  0.40371E-24  0.10403E-23  0.73828E-12  0.29769E-17  0.36285E-06  0.31377E-23  0.29418E-24  0.26512E-05  0.32762E-27  0.90837E-24  0.91268E-23  0.12483E-11  0.15426E-11  0.75819E-23  0.48267E-24  0.34971E-06  0.52900E-06  0.68575E-23  0.82455E-24
    1700      339.8000  0.10000E+01  0.31695E-26  0.62487E-24  0.16167E-23  0.12953E-11  0.54134E-17  0.61281E-06  0.39490E-23  0.38764E-24  0.15721E-05  0.22731E-27  0.82761E-24  0.83757E-23  0.75026E-12  0.92710E-12  0.56822E-23  0.36212E-24  0.39462E-06  0.52266E-06  0.62791E-23  0.75756E-24
    1750      349.8000  0.10000E+01  0.34857E-26  0.29995E-24  0.77091E-24  0.61597E-12  0.26134E-17  0.80177E-06  0.38209E-23  0.37987E-24  0.20104E-05  0.30284E-27  0.13045E-23  0.13162E-22  0.82396E-12  0.10182E-11  0.42734E-23  0.27233E-24  0.44766E-06  0.44225E-06  0.57285E-23  0.69338E-24
    1800      359.8000  0.10000E+01  0.35113E-26  0.48344E-24  0.12345E-23  0.45781E-12  0.18420E-17  0.49778E-06  0.30473E-23  0.29698E-24  0.27854E-05  0.57069E-27  0.15771E-23  0.15895E-22  0.11312E-11  0.13979E-11  0.35795E-23  0.22612E-24  0.47022E-06  0.43263E-06  0.59011E-23  0.71441E-24
    1850      369.8000  0.10000E+01  0.38666E-26  0.64624E-24  0.16558E-23  0.74304E-12  0.29968E-17  0.34419E-06  0.28803E-23  0.27241E-24  0.30644E-05  0.88040E-27  0.16213E-23  0.16339E-22  0.13170E-11  0.16275E-11  0.37174E-23  0.23415E-24  0.44569E-06  0.45888E-06  0.66100E-23  0.79855E-24
    1900      379.8000  0.10000E+01  0.49581E-26  0.52822E-24  0.13565E-23  0.90357E-12  0.37069E-17  0.42209E-06  0.31781E-23  0.29643E-24  0.30497E-05  0.10179E-26  0.16097E-23  0.16216E-22  0.13308E-11  0.16445E-11  0.45336E-23  0.28667E-24  0.39046E-06  0.49568E-06  0.71191E-23  0.85683E-24
    1950      389.8000  0.10000E+01  0.63188E-26  0.36418E-24  0.93589E-24  0.90887E-12  0.37744E-17  0.53633E-06  0.33732E-23  0.31415E-24  0.30309E-05  0.89547E-27  0.15846E-23  0.15954E-22  0.12251E-11  0.15140E-11  0.63186E-23  0.40176E-24  0.33547E-06  0.52929E-06  0.65707E-23  0.78678E-24
    2000      399.8000  0.10000E+01  0.70604E-26  0.26964E-24  0.69244E-24  0.89009E-12  0.37226E-17  0.59611E-06  0.32080E-23  0.30010E-24  0.30922E-05  0.67777E-27  0.14824E-23  0.14912E-22  0.10480E-11  0.12951E-11  0.85120E-23  0.54334E-24  0.35449E-06  0.50518E-06  0.49052E-23  0.58560E-24
    2050      409.8000  0.10000E+01  0.70129E-26  0.22080E-24  0.56739E-24  0.90735E-12  0.38005E-17  0.60046E-06  0.29162E-23  0.27544E-24  0.31219E-05  0.72322E-27  0.12169E-23  0.12228E-22  0.91384E-12  0.11293E-11  0.84340E-23  0.53921E-24  0.47610E-06  0.38489E-06  0.44103E-23  0.53188E-24
    2100      419.8000  0.10000E+01  0.69999E-26  0.20951E-24  0.54123E-24  0.96913E-12  0.40346E-17  0.55335E-06  0.28598E-23  0.27595E-24  0.28481E-05  0.13330E-26  0.90363E-24  0.90736E-23  0.10332E-11  0.12767E-11  0.50806E-23  0.32375E-24  0.50805E-06  0.31338E-06  0.60005E-23  0.72522E-24
    2150      429.8000  0.10000E+01  0.77559E-26  0.26211E-24  0.68145E-24  0.10925E-11  0.44918E-17  0.45021E-06  0.28363E-23  0.28525E-24  0.21161E-05  0.24579E-26  0.97282E-24  0.97753E-23  0.13547E-11  0.16740E-11  0.45674E-23  0.28952E-24  0.35673E-06  0.47033E-06  0.54023E-23  0.64653E-24
    2200      439.8000  0.10000E+01  0.89776E-26  0.35796E-24  0.92971E-24  0.11916E-11  0.48515E-17  0.35077E-06  0.30107E-23  0.30653E-24  0.14926E-05  0.35925E-26  0.14057E-23  0.14156E-22  0.12598E-11  0.15569E-11  0.83434E-23  0.53381E-24  0.42347E-06  0.53478E-06  0.48321E-23  0.58288E-24
    2250      449.8000  0.10000E+01  0.99612E-26  0.45708E-24  0.11817E-23  0.91368E-12  0.36889E-17  0.39558E-06  0.39669E-23  0.37846E-24  0.20282E-05  0.40608E-26  0.12648E-23  0.12771E-22  0.78847E-12  0.97437E-12  0.57329E-23  0.36764E-24  0.51008E-06  0.33287E-06  0.61016E-23  0.73565E-24
    2300      459.8000  0.10000E+01  0.10935E-25  0.57133E-24  0.14721E-23  0.35102E-12  0.13999E-17  0.63049E-06  0.38086E-23  0.35169E-24  0.30726E-05  0.36223E-26  0.84626E-24  0.85066E-23  0.11654E-11  0.14400E-11  0.48724E-23  0.30788E-24  0.32424E-06  0.45110E-06  0.43156E-23  0.51639E-24
    2350      469.8000  0.10000E+01  0.12880E-25  0.72058E-24  0.18453E-23  0.56789E-12  0.24360E-17  0.80454E-06  0.25569E-23  0.25697E-24  0.23876E-05  0.27096E-26  0.13624E-23  0.13696E-22  0.13857E-11  0.17124E-11  0.80582E-23  0.51809E-24  0.51485E-06  0.40491E-06  0.64806E-23  0.78237E-24
    2400      479.8000  0.10000E+01  0.15741E-25  0.54888E-24  0.14068E-23  0.12499E-11  0.52757E-17  0.58940E-06  0.37387E-23  0.37045E-24  0.15562E-05  0.20516E-26  0.11638E-23  0.11763E-22  0.71251E-12  0.88047E-12  0.42083E-23  0.26871E-24  0.35709E-06  0.37474E-06  0.42889E-23  0.51597E-24
    2450      489.8000  0.10000E+01  0.17690E-25  0.18328E-24  0.47469E-24  0.80349E-12  0.32175E-17  0.34458E-06  0.38801E-23  0.35899E-24  0.28706E-05  0.24146E-26  0.96188E-24  0.96289E-23  0.14778E-11  0.18261E-11  0.82897E-23  0.52787E-24  0.51576E-06  0.51041E-06  0.64382E-23  0.77320E-24
    2500      499.8000  0.10000E+01  0.17271E-25  0.50766E-24  0.13072E-23  0.46678E-12  0.19257E-17  0.66268E-06  0.24106E-23  0.24387E-24  0.22762E-05  0.37699E-26  0.15172E-23  0.15271E-22  0.97287E-12  0.12023E-11  0.38263E-23  0.24395E-24  0.33487E-06  0.33343E-06  0.43200E-23  0.52176E-24
    2550      509.8000  0.10000E+01  0.15991E-25  0.69809E-24  0.18017E-23  0.88010E-12  0.37481E-17  0.73229E-06  0.43562E-23  0.42121E-24  0.18408E-05  0.52414E-26  0.75418E-24  0.76092E-23  0.10904E-11  0.13474E-11  0.85951E-23  0.55250E-24  0.52768E-06  0.46831E-06  0.58715E-23  0.70324E-24
    2600      519.8000  0.10000E+01  0.17189E-25  0.35217E-24  0.89798E-24  0.79828E-12  0.32182E-17  0.34651E-06  0.29741E-23  0.27804E-24  0.29588E-05  0.59498E-26  0.15812E-23  0.15869E-22  0.12788E-11  0.15803E-11  0.39593E-23  0.24952E-24  0.34039E-06  0.39461E-06  0.56017E-23  0.67825E-24
    2650      529.8000  0.10000E+01  0.21904E-25  0.35212E-24  0.91607E-24  0.58987E-12  0.24242E-17  0.70692E-06  0.33813E-23  0.33880E-24  0.15730E-05  0.53536E-26  0.77167E-24  0.77809E-23  0.93221E-12  0.11519E-11  0.77842E-23  0.50223E-24  0.49632E-06  0.41218E-06  0.43426E-23  0.51890E-24
    2700      539.8000  0.10000E+01  0.27024E-25  0.67551E-24  0.17298E-23  0.79786E-12  0.33666E-17  0.59294E-06  0.41520E-23  0.38258E-24  0.29752E-05  0.43652E-26  0.15550E-23  0.15634E-22  0.12145E-11  0.15009E-11  0.53797E-23  0.33913E-24  0.41844E-06  0.46336E-06  0.66406E-23  0.79846E-24
    2750      549.8000  0.10000E+01  0.28411E-25  0.31282E-24  0.80868E-24  0.82142E-12  0.32616E-17  0.43736E-06  0.28478E-23  0.28808E-24  0.16290E-05  0.42321E-26  0.76107E-24  0.76572E-23  0.10739E-11  0.13270E-11  0.53988E-23  0.34833E-24  0.37616E-06  0.34254E-06  0.48114E-23  0.58353E-24
    2800      559.8000  0.10000E+01  0.25929E-25  0.45522E-24  0.11699E-23  0.57428E-12  0.24839E-17  0.77717E-06  0.42179E-23  0.39100E-24  0.29619E-05  0.61758E-26  0.15330E-23  0.15413E-22  0.97262E-12  0.12019E-11  0.81808E-23  0.52352E-24  0.51768E-06  0.48462E-06  0.44343E-23  0.52859E-24
    2850      569.8000  0.10000E+01  0.23831E-25  0.56390E-24  0.14554E-23  0.10220E-11  0.40996E-17  0.35748E-06  0.28069E-23  0.28544E-24  0.15783E-05  0.99483E-26  0.92024E-24  0.92550E-23  0.12804E-11  0.15823E-11  0.40582E-23  0.25485E-24  0.40084E-06  0.40910E-06  0.64098E-23  0.77015E-24
    2900      579.8000  0.10000E+01  0.25406E-25  0.26177E-24  0.67161E-24  0.43236E-12  0.18678E-17  0.78398E-06  0.41139E-23  0.37940E-24  0.30609E-05  0.13785E-25  0.11634E-23  0.11704E-22  0.89832E-12  0.11101E-11  0.63268E-23  0.41119E-24  0.34519E-06  0.33251E-06  0.56840E-23  0.68896E-24
    2950      589.8000  0.10000E+01  0.29701E-25  0.70773E-24  0.18273E-23  0.11753E-11  0.47672E-17  0.35637E-06  0.30243E-23  0.30359E-24  0.15326E-05  0.15734E-25  0.13626E-23  0.13701E-22  0.11176E-11  0.13812E-11  0.82944E-23  0.53107E-24  0.54859E-06  0.54478E-06  0.41482E-23  0.49869E-24
    3000      599.8000  0.10000E+01  0.33446E-25  0.22826E-24  0.58467E-24  0.37532E-12  0.16157E-17  0.80753E-06  0.31665E-23  0.29803E-24  0.29270E-05  0.14396E-25  0.85507E-24  0.85791E-23  0.13031E-11  0.16102E-11  0.42077E-23  0.26221E-24  0.43147E-06  0.37286E-06  0.48550E-23  0.57885E-24
    3050      609.8000  0.10000E+01  0.36206E-25  0.64064E-24  0.16543E-23  0.11621E-11  0.47364E-17  0.33901E-06  0.46910E-23  0.44349E-24  0.20090E-05  0.11027E-25  0.12604E-23  0.12733E-22  0.76275E-12  0.94257E-12  0.51528E-23  0.33491E-24  0.34520E-06  0.35251E-06  0.62837E-23  0.75596E-24
    3100      619.8000  0.10000E+01  0.39826E-25  0.32695E-24  0.83672E-24  0.63653E-12  0.27710E-17  0.79253E-06  0.19395E-23  0.20170E-24  0.20892E-05  0.81241E-26  0.12800E-23  0.12820E-22  0.12367E-11  0.15283E-11  0.83357E-23  0.54159E-24  0.40325E-06  0.45346E-06  0.64667E-23  0.78175E-24
    3150      629.8000  0.10000E+01  0.44354E-25  0.52310E-24  0.13538E-23  0.70938E-12  0.27964E-17  0.37213E-06  0.45055E-23  0.41463E-24  0.29743E-05  0.80550E-26  0.85723E-24  0.86150E-23  0.14086E-11  0.17406E-11  0.70731E-23  0.44568E-24  0.54751E-06  0.50749E-06  0.43296E-23  0.52278E-24
    3200      639.8000  0.10000E+01  0.45935E-25  0.35552E-24  0.90934E-24  0.95159E-12  0.41317E-17  0.75282E-06  0.33696E-23  0.33681E-24  0.15144E-05  0.11392E-25  0.12259E-23  0.12383E-22  0.63762E-12  0.78791E-12  0.36567E-23  0.22900E-24  0.44788E-06  0.33647E-06  0.40200E-23  0.48365E-24
    3250      649.8000  0.10000E+01  0.42640E-25  0.62442E-24  0.16047E-23  0.53948E-12  0.21080E-17  0.46476E-06  0.22724E-23  0.21923E-24  0.26691E-05  0.16139E-25  0.13922E-23  0.13957E-22  0.12580E-11  0.15547E-11  0.48794E-23  0.31567E-24  0.35577E-06  0.35024E-06  0.51252E-23  0.61108E-24
    3300      659.8000  0.10000E+01  0.38972E-25  0.23372E-24  0.60327E-24  0.80877E-12  0.34192E-17  0.55843E-06  0.57400E-23  0.52910E-24  0.26183E-05  0.19070E-25  0.89378E-24  0.89452E-23  0.15183E-11  0.18762E-11  0.89620E-23  0.58553E-24  0.34710E-06  0.47558E-06  0.62174E-23  0.74123E-24
    3350      669.8000  0.10000E+01  0.42514E-25  0.72640E-24  0.18731E-23  0.62697E-12  0.25588E-17  0.70595E-06  0.24770E-23  0.25510E-24  0.15416E-05  0.18568E-25  0.93920E-24  0.95224E-23  0.73002E-12  0.90205E-12  0.82619E-23  0.53098E-24  0.46568E-06  0.49802E-06  0.64724E-23  0.77984E-24
    3400      679.8000  0.10000E+01  0.53963E-25  0.24004E-24  0.61845E-24  0.92933E-12  0.37741E-17  0.37320E-06  0.25676E-23  0.24180E-24  0.27449E-05  0.15772E-25  0.15514E-23  0.15562E-22  0.98622E-12  0.12188E-11  0.50335E-23  0.31291E-24  0.53070E-06  0.42241E-06  0.59455E-23  0.72061E-24
    3450      689.8000  0.10000E+01  0.64214E-25  0.66891E-24  0.17114E-23  0.46682E-12  0.20522E-17  0.78934E-06  0.64475E-23  0.59170E-24  0.25909E-05  0.13745E-25  0.12350E-23  0.12353E-22  0.13555E-11  0.16750E-11  0.32863E-23  0.20610E-24  0.47074E-06  0.29406E-06  0.42285E-23  0.51548E-24
    3500      699.8000  0.10000E+01  0.64049E-25  0.36287E-24  0.94690E-24  0.84266E-12  0.32994E-17  0.44676E-06  0.27710E-23  0.27659E-24  0.15631E-05  0.15571E-25  0.73805E-24  0.74398E-23  0.11297E-11  0.13960E-11  0.49584E-23  0.32207E-24  0.40151E-06  0.38146E-06  0.42311E-23  0.51085E-24
    3550      709.8000  0.10000E+01  0.54840E-25  0.39859E-24  0.10169E-23  0.99488E-12  0.41688E-17  0.51309E-06  0.18779E-23  0.18511E-24  0.25245E-05  0.21837E-25  0.11020E-23  0.11110E-22  0.93576E-12  0.11563E-11  0.80223E-23  0.52493E-24  0.33248E-06  0.48201E-06  0.45537E-23  0.54268E-24
    3600      719.8000  0.10000E+01  0.47808E-25  0.62799E-24  0.16144E-23  0.37574E-12  0.15867E-17  0.76511E-06  0.58704E-23  0.53929E-24  0.28362E-05  0.29751E-25  0.15518E-23  0.15585E-22  0.90834E-12  0.11225E-11  0.94729E-23  0.61429E-24  0.35552E-06  0.49454E-06  0.48391E-23  0.57507E-24
    3650      729.8000  0.10000E+01  0.51130E-25  0.26204E-24  0.67848E-24  0.99929E-12  0.39825E-17  0.37055E-06  0.39689E-23  0.38256E-24  0.17049E-05  0.34608E-25  0.12604E-23  0.12614E-22  0.11145E-11  0.13774E-11  0.81191E-23  0.51766E-24  0.43379E-06  0.48524E-06  0.53784E-23  0.63904E-24
    3700      739.8000  0.10000E+01  0.61449E-25  0.63556E-24  0.16359E-23  0.90121E-12  0.38649E-17  0.64473E-06  0.13564E-23  0.14668E-24  0.19977E-05  0.33166E-25  0.77843E-24  0.78272E-23  0.13261E-11  0.16387E-11  0.47739E-23  0.29702E-24  0.49145E-06  0.35929E-06  0.56449E-23  0.67539E-24
    3750      749.8000  0.10000E+01  0.69967E-25  0.32360E-24  0.83656E-24  0.32035E-12  0.12895E-17  0.71637E-06  0.43874E-23  0.40332E-24  0.29924E-05  0.26431E-25  0.95264E-24  0.96165E-23  0.11855E-11  0.14648E-11  0.30899E-23  0.18997E-24  0.51796E-06  0.29382E-06  0.57230E-23  0.68794E-24
    3800      759.8000  0.10000E+01  0.73141E-25  0.43442E-24  0.11108E-23  0.10322E-11  0.41536E-17  0.34510E-06  0.58685E-23  0.54092E-24  0.23605E-05  0.19149E-25  0.13317E-23  0.13435E-22  0.81983E-12  0.10131E-11  0.38174E-23  0.24615E-24  0.50142E-06  0.37188E-06  0.58683E-23  0.70884E-24
    3850      769.8000  0.10000E+01  0.74456E-25  0.72648E-24  0.18721E-23  0.10991E-11  0.47688E-17  0.65380E-06  0.27878E-23  0.27876E-24  0.15274E-05  0.16695E-25  0.13662E-23  0.13744E-22  0.75663E-12  0.93504E-12  0.53669E-23  0.35360E-24  0.44737E-06  0.42836E-06  0.63924E-23  0.77471E-24
    3900      779.8000  0.10000E+01  0.76388E-25  0.26682E-24  0.68835E-24  0.43658E-12  0.18191E-17  0.71060E-06  0.15843E-23  0.16303E-24  0.22974E-05  0.21400E-25  0.11583E-23  0.11560E-22  0.12534E-11  0.15489E-11  0.78106E-23  0.51054E-24  0.38165E-06  0.48865E-06  0.63405E-23  0.76657E-24
    3950      789.8000  0.10000E+01  0.75572E-25  0.44976E-24  0.11562E-23  0.64935E-12  0.25210E-17  0.35210E-06  0.46028E-23  0.42141E-24  0.30787E-05  0.30657E-25  0.90116E-24  0.90033E-23  0.16357E-11  0.20213E-11  0.97208E-23  0.63142E-24  0.34641E-06  0.54144E-06  0.57465E-23  0.69492E-24
    4000      799.8000  0.10000E+01  0.69763E-25  0.48896E-24  0.12695E-23  0.82078E-12  0.35366E-17  0.61560E-06  0.59780E-23  0.55416E-24  0.23267E-05  0.38695E-25  0.86877E-24  0.87867E-23  0.12452E-11  0.15387E-11  0.93462E-23  0.60320E-24  0.33852E-06  0.47397E-06  0.51816E-23  0.62834E-24
    4050      809.8000  0.10000E+01  0.65530E-25  0.30801E-24  0.79020E-24  0.63266E-12  0.26592E-17  0.76970E-06  0.27104E-23  0.27216E-24  0.14988E-05  0.40785E-25  0.11143E-23  0.11276E-22  0.68809E-12  0.85020E-12  0.76380E-23  0.48528E-24  0.34622E-06  0.38339E-06  0.48584E-23  0.59070E-24
    4100      819.8000  0.10000E+01  0.72475E-25  0.60168E-24  0.15422E-23  0.86779E-12  0.34046E-17  0.39607E-06  0.10967E-23  0.11753E-24  0.21095E-05  0.36581E-25  0.13990E-23  0.14063E-22  0.76793E-12  0.94901E-12  0.56547E-23  0.35238E-24  0.39428E-06  0.35604E-06  0.47500E-23  0.57768E-24
    4150      829.8000  0.10000E+01  0.89569E-25  0.41470E-24  0.10718E-23  0.81801E-12  0.34646E-17  0.49309E-06  0.49422E-23  0.44907E-24  0.30294E-05  0.30387E-25  0.14672E-23  0.14644E-22  0.11723E-11  0.14488E-11  0.39958E-23  0.24630E-24  0.44635E-06  0.31994E-06  0.40941E-23  0.49659E-24
    4200      839.8000  0.10000E+01  0.10237E-24  0.30543E-24  0.78103E-24  0.40554E-12  0.17945E-17  0.78759E-06  0.74664E-23  0.67905E-24  0.26741E-05  0.28097E-25  0.11509E-23  0.11466E-22  0.13085E-11  0.16170E-11  0.34570E-23  0.21558E-24  0.46947E-06  0.31159E-06  0.34986E-23  0.42348E-24
    4250      849.8000  0.10000E+01  0.97763E-25  0.62147E-24  0.16040E-23  0.73116E-12  0.28152E-17  0.51352E-06  0.40251E-23  0.38105E-24  0.16942E-05  0.32743E-25  0.75365E-24  0.75908E-23  0.12286E-11  0.15182E-11  0.35801E-23  0.22840E-24  0.51018E-06  0.39625E-06  0.37992E-23  0.45714E-24
    4300      859.8000  0.10000E+01  0.80074E-25  0.36779E-24  0.96203E-24  0.11701E-11  0.47446E-17  0.37587E-06  0.72216E-24  0.85857E-25  0.17006E-05  0.42042E-25  0.80060E-24  0.81239E-23  0.11381E-11  0.14063E-11  0.39579E-23  0.25744E-24  0.54637E-06  0.46974E-06  0.40930E-23  0.48934E-24
    4350      869.8000  0.10000E+01  0.68032E-25  0.29811E-24  0.75743E-24  0.69718E-12  0.30499E-17  0.72238E-06  0.29312E-23  0.27614E-24  0.26215E-05  0.49860E-25  0.12239E-23  0.12346E-22  0.10073E-11  0.12446E-11  0.53964E-23  0.35430E-24  0.52009E-06  0.47287E-06  0.40643E-23  0.48529E-24
    4400      879.8000  0.10000E+01  0.74376E-25  0.68947E-24  0.17629E-23  0.37105E-12  0.14841E-17  0.70827E-06  0.65941E-23  0.59908E-24  0.29826E-05  0.50524E-25  0.15525E-23  0.15605E-22  0.86285E-12  0.10663E-11  0.73711E-23  0.48412E-24  0.48991E-06  0.49275E-06  0.41055E-23  0.48879E-24
    4450      889.8000  0.10000E+01  0.92436E-25  0.46544E-24  0.12080E-23  0.92990E-12  0.36700E-17  0.37789E-06  0.60343E-23  0.55321E-24  0.22702E-05  0.43051E-25  0.15244E-23  0.15267E-22  0.83928E-12  0.10372E-11  0.82037E-23  0.53650E-24  0.49327E-06  0.52747E-06  0.42098E-23  0.49912E-24
    4500      899.8000  0.10000E+01  0.10540E-24  0.28805E-24  0.74210E-24  0.11515E-11  0.49081E-17  0.52029E-06  0.23988E-23  0.23671E-24  0.15939E-05  0.32374E-25  0.11808E-23  0.11783E-22  0.98656E-12  0.12192E-11  0.81005E-23  0.52459E-24  0.46094E-06  0.48680E-06  0.45055E-23  0.53471E-24
    4550      909.8000  0.10000E+01  0.10533E-24  0.62861E-24  0.16138E-23  0.58588E-12  0.26180E-17  0.80308E-06  0.86170E-24  0.99986E-25  0.19328E-05  0.26310E-25  0.84336E-24  0.84282E-23  0.12561E-11  0.15522E-11  0.82281E-23  0.52637E-24  0.39904E-06  0.40517E-06  0.46766E-23  0.55500E-24
    4600      919.8000  0.10000E+01  0.98442E-25  0.45292E-24  0.11766E-23  0.39150E-12  0.14744E-17  0.57617E-06  0.33824E-23  0.31662E-24  0.27643E-05  0.30084E-25  0.81716E-24  0.82157E-23  0.14797E-11  0.18286E-11  0.82687E-23  0.52425E-24  0.38033E-06  0.37265E-06  0.43946E-23  0.52064E-24
    4650      929.8000  0.10000E+01  0.93392E-25  0.20393E-24  0.52533E-24  0.79158E-12  0.31552E-17  0.34676E-06  0.65746E-23  0.59832E-24  0.29081E-05  0.42433E-25  0.99144E-24  0.10019E-22  0.13975E-11  0.17268E-11  0.76032E-23  0.47908E-24  0.37588E-06  0.36057E-06  0.42486E-23  0.50426E-24
    4700      939.8000  0.10000E+01  0.90802E-25  0.62681E-24  0.16017E-23  0.87096E-12  0.38085E-17  0.61101E-06  0.62043E-23  0.57328E-24  0.21740E-05  0.56268E-25  0.11334E-23  0.11505E-22  0.99274E-12  0.12266E-11  0.66634E-23  0.41723E-24  0.33847E-06  0.32020E-06  0.44670E-23  0.53094E-24
    4750      949.8000  0.10000E+01  0.87488E-25  0.69310E-24  0.17872E-23  0.65573E-12  0.28215E-17  0.77464E-06  0.26909E-23  0.26630E-24  0.15520E-05  0.63442E-25  0.12604E-23  0.12757E-22  0.65521E-12  0.80957E-12  0.57580E-23  0.35772E-24  0.31837E-06  0.30479E-06  0.47322E-23  0.56236E-24
    4800      959.8000  0.10000E+01  0.86257E-25  0.27669E-24  0.71605E-24  0.78792E-12  0.30541E-17  0.47940E-06  0.78509E-24  0.91538E-25  0.18616E-05  0.60297E-25  0.13805E-23  0.13840E-22  0.72166E-12  0.89185E-12  0.47704E-23  0.29451E-24  0.33846E-06  0.34897E-06  0.49830E-23  0.59215E-24
    4850      969.8000  0.10000E+01  0.94282E-25  0.41324E-24  0.10546E-23  0.93720E-12  0.38037E-17  0.35543E-06  0.34087E-23  0.31660E-24  0.27167E-05  0.50102E-25  0.13586E-23  0.13528E-22  0.10452E-11  0.12917E-11  0.41532E-23  0.25764E-24  0.34149E-06  0.38789E-06  0.48894E-23  0.57980E-24
    4900      979.8000  0.10000E+01  0.11055E-24  0.63937E-24  0.16463E-23  0.60446E-12  0.27048E-17  0.65694E-06  0.74803E-23  0.67638E-24  0.30579E-05  0.40611E-25  0.11690E-23  0.11632E-22  0.12690E-11  0.15683E-11  0.43021E-23  0.27118E-24  0.32531E-06  0.39242E-06  0.44070E-23  0.52140E-24
    4950      989.8000  0.10000E+01  0.12115E-24  0.34152E-24  0.88755E-24  0.39323E-12  0.16415E-17  0.74862E-06  0.76902E-23  0.69795E-24  0.24729E-05  0.38444E-25  0.91304E-24  0.91277E-23  0.13006E-11  0.16072E-11  0.45470E-23  0.29061E-24  0.34258E-06  0.42503E-06  0.43543E-23  0.51523E-24
    5000      999.8000  0.10000E+01  0.11307E-24  0.30663E-24  0.78801E-24  0.83054E-12  0.31578E-17  0.44759E-06  0.36502E-23  0.34237E-24  0.16637E-05  0.44431E-25  0.72217E-24  0.73053E-23  0.12672E-11  0.15660E-11  0.42839E-23  0.27686E-24  0.37790E-06  0.49810E-06  0.48110E-23  0.56862E-24
    5050     1009.8000  0.10000E+01  0.91562E-25  0.59342E-24  0.15301E-23  0.11758E-11  0.47746E-17  0.38120E-06  0.55534E-24  0.68857E-25  0.15741E-05  0.53302E-25  0.78280E-24  0.79844E-23  0.12150E-11  0.15013E-11  0.41498E-23  0.27118E-24  0.38404E-06  0.53257E-06  0.49724E-23  0.58747E-24
    5100     1019.8000  0.10000E+01  0.77917E-25  0.44408E-24  0.11514E-23  0.77978E-12  0.34214E-17  0.69106E-06  0.22391E-23  0.21634E-24  0.22899E-05  0.57793E-25  0.11428E-23  0.11577E-22  0.11029E-11  0.13627E-11  0.48599E-23  0.32035E-24  0.38134E-06  0.50496E-06  0.47512E-23  0.56311E-24
    5150     1029.8000  0.10000E+01  0.87119E-25  0.27942E-24  0.71093E-24  0.35064E-12  0.14680E-17  0.76001E-06  0.64133E-23  0.58155E-24  0.29857E-05  0.54089E-25  0.15226E-23  0.15314E-22  0.95930E-12  0.11853E-11  0.58987E-23  0.39114E-24  0.40454E-06  0.48910E-06  0.44909E-23  0.53265E-24
    5200     1039.8000  0.10000E+01  0.11102E-24  0.56786E-24  0.14498E-23  0.64469E-12  0.24333E-17  0.45714E-06  0.81637E-23  0.73247E-24  0.28960E-05  0.44771E-25  0.16150E-23  0.16193E-22  0.85195E-12  0.10528E-11  0.64018E-23  0.42542E-24  0.43126E-06  0.51284E-06  0.42537E-23  0.50312E-24
    5250     1049.8000  0.10000E+01  0.12712E-24  0.60392E-24  0.15632E-23  0.11061E-11  0.45690E-17  0.38600E-06  0.58341E-23  0.52754E-24  0.21511E-05  0.37224E-25  0.14186E-23  0.14189E-22  0.80319E-12  0.99260E-12  0.64672E-23  0.42774E-24  0.43745E-06  0.51023E-06  0.42436E-23  0.50261E-24
    5300     1059.8000  0.10000E+01  0.12250E-24  0.30220E-24  0.78592E-24  0.95312E-12  0.42496E-17  0.69107E-06  0.20346E-23  0.19725E-24  0.15798E-05  0.38477E-25  0.11161E-23  0.11115E-22  0.85107E-12  0.10518E-11  0.66915E-23  0.43897E-24  0.44189E-06  0.45326E-06  0.44401E-23  0.52762E-24
    5350     1069.8000  0.10000E+01  0.10522E-24  0.38951E-24  0.99544E-24  0.53846E-12  0.23505E-17  0.78582E-06  0.49935E-24  0.64900E-25  0.17807E-05  0.49982E-25  0.87534E-24  0.87023E-23  0.10635E-11  0.13143E-11  0.71115E-23  0.46445E-24  0.45796E-06  0.40432E-06  0.43444E-23  0.51676E-24
    5400     1079.8000  0.10000E+01  0.92162E-25  0.57187E-24  0.14757E-23  0.54307E-12  0.20319E-17  0.49058E-06  0.27519E-23  0.26141E-24  0.25043E-05  0.66068E-25  0.81513E-24  0.81574E-23  0.13745E-11  0.16986E-11  0.74303E-23  0.48373E-24  0.47178E-06  0.39777E-06  0.39516E-23  0.47122E-24
    5450     1089.8000  0.10000E+01  0.90649E-25  0.32495E-24  0.84995E-24  0.74589E-12  0.29882E-17  0.36618E-06  0.66224E-23  0.59962E-24  0.29616E-05  0.77416E-25  0.91943E-24  0.92768E-23  0.15399E-11  0.19030E-11  0.77160E-23  0.49910E-24  0.47745E-06  0.38422E-06  0.36841E-23  0.44119E-24
    5500     1099.8000  0.10000E+01  0.95455E-25  0.27279E-24  0.69496E-24  0.64468E-12  0.28693E-17  0.64188E-06  0.80093E-23  0.72182E-24  0.26724E-05  0.77249E-25  0.10361E-23  0.10516E-22  0.13958E-11  0.17247E-11  0.80488E-23  0.51731E-24  0.48245E-06  0.33590E-06  0.35595E-23  0.42703E-24
    5550     1109.8000  0.10000E+01  0.10045E-24  0.64753E-24  0.16515E-23  0.51290E-12  0.21952E-17  0.79455E-06  0.52434E-23  0.47884E-24  0.19506E-05  0.65920E-25  0.11096E-23  0.11296E-22  0.10713E-11  0.13237E-11  0.79821E-23  0.51118E-24  0.48864E-06  0.30341E-06  0.36092E-23  0.43423E-24
    5600     1119.8000  0.10000E+01  0.10636E-24  0.62325E-24  0.16101E-23  0.80165E-12  0.30519E-17  0.53898E-06  0.13125E-23  0.13237E-24  0.15571E-05  0.50678E-25  0.12385E-23  0.12541E-22  0.82740E-12  0.10223E-11  0.72483E-23  0.46133E-24  0.49734E-06  0.31905E-06  0.40080E-23  0.48463E-24
    5650     1129.8000  0.10000E+01  0.11477E-24  0.25791E-24  0.67064E-24  0.11256E-11  0.44836E-17  0.34944E-06  0.64088E-24  0.74644E-25  0.19079E-05  0.40821E-25  0.14234E-23  0.14265E-22  0.76606E-12  0.94659E-12  0.65526E-23  0.41188E-24  0.50928E-06  0.33597E-06  0.42895E-23  0.52016E-24
    5700     1139.8000  0.10000E+01  0.11984E-24  0.39387E-24  0.10001E-23  0.88287E-12  0.38559E-17  0.56954E-06  0.40429E-23  0.37689E-24  0.26536E-05  0.41592E-25  0.15068E-23  0.14994E-22  0.81294E-12  0.10046E-11  0.66699E-23  0.41597E-24  0.51269E-06  0.31757E-06  0.39720E-23  0.48317E-24
    5750     1149.8000  0.10000E+01  0.11282E-24  0.69617E-24  0.17838E-23  0.41222E-12  0.18978E-17  0.78634E-06  0.78503E-23  0.71095E-24  0.30426E-05  0.51013E-25  0.13966E-23  0.13864E-22  0.90056E-12  0.11130E-11  0.71251E-23  0.44517E-24  0.50423E-06  0.30686E-06  0.36070E-23  0.44093E-24
    5800     1159.8000  0.10000E+01  0.95771E-25  0.44717E-24  0.11615E-23  0.49553E-12  0.18791E-17  0.60040E-06  0.80034E-23  0.71882E-24  0.26811E-05  0.61726E-25  0.11421E-23  0.11338E-22  0.10226E-11  0.12639E-11  0.68512E-23  0.42756E-24  0.50688E-06  0.34649E-06  0.37834E-23  0.46231E-24
    5850     1169.8000  0.10000E+01  0.84944E-25  0.21178E-24  0.54874E-24  0.10134E-11  0.39870E-17  0.35248E-06  0.43899E-23  0.39774E-24  0.19192E-05  0.66436E-25  0.84658E-24  0.84374E-23  0.11487E-11  0.14197E-11  0.58676E-23  0.36162E-24  0.52851E-06  0.39833E-06  0.41720E-23  0.50832E-24
    5900     1179.8000  0.10000E+01  0.95254E-25  0.50112E-24  0.12848E-23  0.11279E-11  0.48387E-17  0.49405E-06  0.82278E-24  0.87687E-25  0.14959E-05  0.63079E-25  0.67222E-24  0.67837E-23  0.12283E-11  0.15180E-11  0.51546E-23  0.31334E-24  0.53694E-06  0.40942E-06  0.44602E-23  0.54524E-24
    5950     1189.8000  0.10000E+01  0.12182E-24  0.61162E-24  0.15816E-23  0.67964E-12  0.30989E-17  0.77003E-06  0.91698E-24  0.10123E-24  0.18161E-05  0.56076E-25  0.77873E-24  0.79277E-23  0.12744E-11  0.15748E-11  0.50523E-23  0.30790E-24  0.51855E-06  0.40324E-06  0.47505E-23  0.58362E-24
    6000     1199.8000  0.10000E+01  0.14168E-24  0.29564E-24  0.76782E-24  0.39300E-12  0.15447E-17  0.68499E-06  0.45148E-23  0.41667E-24  0.25729E-05  0.52910E-25  0.11104E-23  0.11273E-22  0.13244E-11  0.16365E-11  0.49796E-23  0.30585E-24  0.51129E-06  0.43332E-06  0.48646E-23  0.59742E-24
    6050     1209.8000  0.10000E+01  0.13653E-24  0.31430E-24  0.79629E-24  0.62667E-12  0.22975E-17  0.39258E-06  0.82365E-23  0.73709E-24  0.30557E-05  0.58498E-25  0.14079E-23  0.14252E-22  0.13198E-11  0.16308E-11  0.46628E-23  0.28626E-24  0.53374E-06  0.48551E-06  0.47303E-23  0.58021E-24
    6100     1219.8000  0.10000E+01  0.11189E-24  0.65148E-24  0.16658E-23  0.87450E-12  0.36279E-17  0.41627E-06  0.88210E-23  0.78313E-24  0.28248E-05  0.71292E-25  0.15041E-23  0.15202E-22  0.11517E-11  0.14229E-11  0.44375E-23  0.27163E-24  0.54483E-06  0.50301E-06  0.48694E-23  0.59770E-24
    6150     1229.8000  0.10000E+01  0.91158E-25  0.57090E-24  0.14751E-23  0.75853E-12  0.34201E-17  0.71749E-06  0.57639E-23  0.51542E-24  0.21099E-05  0.83870E-25  0.14371E-23  0.14464E-22  0.85732E-12  0.10592E-11  0.42957E-23  0.26402E-24  0.52275E-06  0.48641E-06  0.54480E-23  0.66685E-24
    6200     1239.8000  0.10000E+01  0.91422E-25  0.30109E-24  0.77532E-24  0.64759E-12  0.27120E-17  0.76830E-06  0.16758E-23  0.16122E-24  0.15794E-05  0.87739E-25  0.12919E-23  0.12900E-22  0.65540E-12  0.80987E-12  0.38267E-23  0.23646E-24  0.51098E-06  0.49041E-06  0.59675E-23  0.72757E-24
    6250     1249.8000  0.10000E+01  0.10822E-24  0.44130E-24  0.11281E-23  0.86100E-12  0.32602E-17  0.48416E-06  0.37417E-24  0.50853E-25  0.17141E-05  0.79287E-25  0.11306E-23  0.11213E-22  0.71585E-12  0.88474E-12  0.32381E-23  0.20047E-24  0.53413E-06  0.52473E-06  0.61939E-23  0.75478E-24
    6300     1259.8000  0.10000E+01  0.12432E-24  0.58237E-24  0.15074E-23  0.10063E-11  0.40263E-17  0.36735E-06  0.34525E-23  0.32156E-24  0.23689E-05  0.62840E-25  0.10195E-23  0.10102E-22  0.97235E-12  0.12018E-11  0.32707E-23  0.20437E-24  0.54664E-06  0.53485E-06  0.61539E-23  0.74892E-24
    6350     1269.8000  0.10000E+01  0.12925E-24  0.34111E-24  0.89173E-24  0.69687E-12  0.31130E-17  0.62305E-06  0.81724E-23  0.73262E-24  0.29199E-05  0.48486E-25  0.95795E-24  0.95345E-23  0.12242E-11  0.15130E-11  0.38718E-23  0.24611E-24  0.52002E-06  0.49651E-06  0.57921E-23  0.70171E-24
    6400     1279.8000  0.10000E+01  0.12627E-24  0.28558E-24  0.72673E-24  0.34665E-12  0.15785E-17  0.80484E-06  0.98001E-23  0.86989E-24  0.28516E-05  0.45785E-25  0.87511E-24  0.87946E-23  0.13531E-11  0.16722E-11  0.40896E-23  0.26289E-24  0.50014E-06  0.45987E-06  0.55214E-23  0.66733E-24
    6450     1289.8000  0.10000E+01  0.12231E-24  0.57269E-24  0.14632E-23  0.54456E-12  0.20034E-17  0.59799E-06  0.66516E-23  0.58992E-24  0.22340E-05  0.57470E-25  0.79899E-24  0.81430E-23  0.13675E-11  0.16900E-11  0.35917E-23  0.23120E-24  0.52065E-06  0.46638E-06  0.58766E-23  0.70957E-24
    6500     1299.8000  0.10000E+01  0.11794E-24  0.54395E-24  0.14120E-23  0.10293E-11  0.39986E-17  0.36507E-06  0.19863E-23  0.18420E-24  0.16509E-05  0.77467E-25  0.86889E-24  0.89032E-23  0.13030E-11  0.16101E-11  0.31885E-23  0.20521E-24  0.53921E-06  0.47997E-06  0.64422E-23  0.77470E-24
    6550     1309.8000  0.10000E+01  0.11145E-24  0.27160E-24  0.70569E-24  0.10567E-11  0.45128E-17  0.51172E-06  0.41618E-24  0.56500E-25  0.16520E-05  0.94758E-25  0.11150E-23  0.11342E-22  0.11861E-11  0.14655E-11  0.34682E-23  0.22642E-24  0.51832E-06  0.44899E-06  0.65016E-23  0.77984E-24
    6600     1319.8000  0.10000E+01  0.10870E-24  0.42874E-24  0.10828E-23  0.59731E-12  0.27327E-17  0.78344E-06  0.31886E-23  0.30649E-24  0.22433E-05  0.10057E-24  0.13973E-23  0.14110E-22  0.10712E-11  0.13235E-11  0.39780E-23  0.26426E-24  0.49368E-06  0.39294E-06  0.61359E-23  0.73627E-24
    6650     1329.8000  0.10000E+01  0.12070E-24  0.71470E-24  0.18248E-23  0.37175E-12  0.14396E-17  0.70876E-06  0.74078E-23  0.67168E-24  0.28858E-05  0.94023E-25  0.15746E-23  0.15828E-22  0.10053E-11  0.12421E-11  0.42112E-23  0.28109E-24  0.50368E-06  0.36889E-06  0.57062E-23  0.68207E-24
