        3.80     0.0000000000E+000     0.0000000000E+000     0.3709204694E-005
        7.80     0.0000000000E+000     0.0000000000E+000     0.7032794192E-005
       11.80     0.0000000000E+000     0.0000000000E+000     0.9246060124E-005
       15.80     0.0000000000E+000     0.0000000000E+000     0.9999576465E-005
       19.80     0.0000000000E+000     0.0000000000E+000     0.9174379553E-005
       23.80     0.0000000000E+000     0.0000000000E+000     0.6900749836E-005
       27.80     0.0000000000E+000     0.0000000000E+000     0.3537643453E-005
       31.80     0.0000000000E+000     0.0000000000E+000    -0.3839790451E-006
       35.80     0.0000000000E+000     0.0000000000E+000    -0.4244979695E-005
       39.80     0.0000000000E+000     0.0000000000E+000    -0.7435791389E-005
       43.80     0.0000000000E+000     0.0000000000E+000    -0.9452655122E-005
       47.80     0.0000000000E+000     0.0000000000E+000    -0.9977152456E-005
       51.80     0.0000000000E+000     0.0000000000E+000    -0.8926476794E-005
       55.80     0.0000000000E+000     0.0000000000E+000    -0.6466506723E-005
       59.80     0.0000000000E+000     0.0000000000E+000    -0.2985617425E-005
       63.80     0.0000000000E+000     0.0000000000E+000     0.9666352163E-006
       67.80     0.0000000000E+000     0.0000000000E+000     0.4766277411E-005
       71.80     0.0000000000E+000     0.0000000000E+000     0.7813429204E-005
       75.80     0.0000000000E+000     0.0000000000E+000     0.9627012327E-005
       79.80     0.0000000000E+000     0.0000000000E+000     0.9920701882E-005
       83.80     0.0000000000E+000     0.0000000000E+000     0.8648130747E-005
       87.80     0.0000000000E+000     0.0000000000E+000     0.6010209922E-005
       91.80     0.0000000000E+000     0.0000000000E+000     0.2423409103E-005
       95.80     0.0000000000E+000     0.0000000000E+000    -0.1545994728E-005
       99.80     0.0000000000E+000     0.0000000000E+000    -0.5271319985E-005
      103.80     0.0000000000E+000     0.0000000000E+000    -0.8164419721E-005
      107.80     0.0000000000E+000     0.0000000000E+000    -0.9768537103E-005
      111.80     0.0000000000E+000     0.0000000000E+000    -0.9830417267E-005
      115.80     0.0000000000E+000     0.0000000000E+000    -0.8340290696E-005
      119.80     0.0000000000E+000     0.0000000000E+000    -0.5533415611E-005
      123.80     0.0000000000E+000     0.0000000000E+000    -0.1852935869E-005
      127.80     0.0000000000E+000     0.0000000000E+000     0.2120081705E-005
      131.80     0.0000000000E+000     0.0000000000E+000     0.5758384993E-005
      135.80     0.0000000000E+000     0.0000000000E+000     0.8487565906E-005
      139.80     0.0000000000E+000     0.0000000000E+000     0.9876746788E-005
      143.80     0.0000000000E+000     0.0000000000E+000     0.9706606521E-005
      147.80     0.0000000000E+000     0.0000000000E+000     0.8004006514E-005
      151.80     0.0000000000E+000     0.0000000000E+000     0.5037749871E-005
      155.80     0.0000000000E+000     0.0000000000E+000     0.1276143292E-005
      159.80     0.0000000000E+000     0.0000000000E+000    -0.2686938252E-005
      163.80     0.0000000000E+000     0.0000000000E+000    -0.6225811326E-005
      167.80     0.0000000000E+000     0.0000000000E+000    -0.8781765686E-005
      171.80     0.0000000000E+000     0.0000000000E+000    -0.9951272337E-005
      175.80     0.0000000000E+000     0.0000000000E+000    -0.9549691895E-005
      179.80     0.0000000000E+000     0.0000000000E+000    -0.7640425081E-005
      183.80     0.0000000000E+000     0.0000000000E+000    -0.4524903145E-005
      187.80     0.0000000000E+000     0.0000000000E+000    -0.6949984954E-006
      191.80     0.0000000000E+000     0.0000000000E+000     0.3244631135E-005
      195.80     0.0000000000E+000     0.0000000000E+000     0.6672004851E-005
      199.80     0.0000000000E+000     0.0000000000E+000     0.9046015706E-005
      203.80     0.0000000000E+000     0.0000000000E+000     0.9991859585E-005
      207.80     0.0000000000E+000     0.0000000000E+000     0.9360208536E-005
      211.80     0.0000000000E+000     0.0000000000E+000     0.7250786372E-005
      215.80     0.0000000000E+000     0.0000000000E+000     0.3996624470E-005
      219.80     0.0000000000E+000     0.0000000000E+000     0.1114834419E-006
      223.80     0.0000000000E+000     0.0000000000E+000    -0.3791258370E-005
      227.80     0.0000000000E+000     0.0000000000E+000    -0.7095443848E-005
      231.80     0.0000000000E+000     0.0000000000E+000    -0.9279414757E-005
      235.80     0.0000000000E+000     0.0000000000E+000    -0.9998370111E-005
      239.80     0.0000000000E+000     0.0000000000E+000    -0.9138802670E-005
      243.80     0.0000000000E+000     0.0000000000E+000    -0.6836419230E-005
      247.80     0.0000000000E+000     0.0000000000E+000    -0.3454715514E-005
      251.80     0.0000000000E+000     0.0000000000E+000     0.4724118202E-006
      255.80     0.0000000000E+000     0.0000000000E+000     0.4324955715E-005
      259.80     0.0000000000E+000     0.0000000000E+000     0.7494684200E-005
      263.80     0.0000000000E+000     0.0000000000E+000     0.9481166842E-005
      267.80     0.0000000000E+000     0.0000000000E+000     0.9970781712E-005
      271.80     0.0000000000E+000     0.0000000000E+000     0.8886229388E-005
      275.80     0.0000000000E+000     0.0000000000E+000     0.6398736833E-005
      279.80     0.0000000000E+000     0.0000000000E+000     0.2901024428E-005
      283.80     0.0000000000E+000     0.0000000000E+000    -0.1054695946E-005
      287.80     0.0000000000E+000     0.0000000000E+000    -0.4843903021E-005
      291.80     0.0000000000E+000     0.0000000000E+000    -0.7868364317E-005
      295.80     0.0000000000E+000     0.0000000000E+000    -0.9650583897E-005
      299.80     0.0000000000E+000     0.0000000000E+000    -0.9909188477E-005
      303.80     0.0000000000E+000     0.0000000000E+000    -0.8603350079E-005
      307.80     0.0000000000E+000     0.0000000000E+000    -0.5939231875E-005
      311.80     0.0000000000E+000     0.0000000000E+000    -0.2337439549E-005
      315.80     0.0000000000E+000     0.0000000000E+000     0.1633383086E-005
      319.80     0.0000000000E+000     0.0000000000E+000     0.5346330446E-005
      323.80     0.0000000000E+000     0.0000000000E+000     0.8215209785E-005
      327.80     0.0000000000E+000     0.0000000000E+000     0.9787088134E-005
      331.80     0.0000000000E+000     0.0000000000E+000     0.9813800465E-005
      335.80     0.0000000000E+000     0.0000000000E+000     0.8291129489E-005
      339.80     0.0000000000E+000     0.0000000000E+000     0.5459471472E-005
      343.80     0.0000000000E+000     0.0000000000E+000     0.1765882952E-005
      347.80     0.0000000000E+000     0.0000000000E+000    -0.2206499657E-005
      351.80     0.0000000000E+000     0.0000000000E+000    -0.5830524487E-005
      355.80     0.0000000000E+000     0.0000000000E+000    -0.8534037703E-005
      359.80     0.0000000000E+000     0.0000000000E+000    -0.9890214011E-005
      363.80     0.0000000000E+000     0.0000000000E+000    -0.9684942993E-005
      367.80     0.0000000000E+000     0.0000000000E+000    -0.7950632429E-005
      371.80     0.0000000000E+000     0.0000000000E+000    -0.4961091824E-005
      375.80     0.0000000000E+000     0.0000000000E+000    -0.1188303903E-005
      379.80     0.0000000000E+000     0.0000000000E+000     0.2772091075E-005
      383.80     0.0000000000E+000     0.0000000000E+000     0.6294833825E-005
      387.80     0.0000000000E+000     0.0000000000E+000     0.8823760725E-005
      391.80     0.0000000000E+000     0.0000000000E+000     0.9959609824E-005
      395.80     0.0000000000E+000     0.0000000000E+000     0.9523055523E-005
      399.80     0.0000000000E+000     0.0000000000E+000     0.7583020148E-005
      403.80     0.0000000000E+000     0.0000000000E+000     0.4445792627E-005
      407.80     0.0000000000E+000     0.0000000000E+000     0.6066722049E-006
      411.80     0.0000000000E+000     0.0000000000E+000    -0.3328228419E-005
      415.80     0.0000000000E+000     0.0000000000E+000    -0.6737674957E-005
      419.80     0.0000000000E+000     0.0000000000E+000    -0.9083390767E-005
      423.80     0.0000000000E+000     0.0000000000E+000    -0.9995038901E-005
      427.80     0.0000000000E+000     0.0000000000E+000    -0.9328690163E-005
      431.80     0.0000000000E+000     0.0000000000E+000    -0.7189546368E-005
      435.80     0.0000000000E+000     0.0000000000E+000    -0.3915331285E-005
      439.80     0.0000000000E+000     0.0000000000E+000    -0.2297148237E-007
      443.80     0.0000000000E+000     0.0000000000E+000     0.3873015012E-005
      447.80     0.0000000000E+000     0.0000000000E+000     0.7157537596E-005
      451.80     0.0000000000E+000     0.0000000000E+000     0.9312042374E-005
      455.80     0.0000000000E+000     0.0000000000E+000     0.9996380413E-005
      459.80     0.0000000000E+000     0.0000000000E+000     0.9102509787E-005
      463.80     0.0000000000E+000     0.0000000000E+000     0.6771553010E-005
      467.80     0.0000000000E+000     0.0000000000E+000     0.3371516907E-005
      471.80     0.0000000000E+000     0.0000000000E+000    -0.5608075833E-006
      475.80     0.0000000000E+000     0.0000000000E+000    -0.4404592887E-005
      479.80     0.0000000000E+000     0.0000000000E+000    -0.7552989822E-005
      483.80     0.0000000000E+000     0.0000000000E+000    -0.9508935740E-005
      487.80     0.0000000000E+000     0.0000000000E+000    -0.9963629786E-005
      491.80     0.0000000000E+000     0.0000000000E+000    -0.8845285770E-005
      495.80     0.0000000000E+000     0.0000000000E+000    -0.6330465621E-005
      499.80     0.0000000000E+000     0.0000000000E+000    -0.2816204145E-005
      503.80     0.0000000000E+000     0.0000000000E+000     0.1142674044E-005
      507.80     0.0000000000E+000     0.0000000000E+000     0.4921149125E-005
      511.80     0.0000000000E+000     0.0000000000E+000     0.7922682966E-005
      515.80     0.0000000000E+000     0.0000000000E+000     0.9673399371E-005
      519.80     0.0000000000E+000     0.0000000000E+000     0.9896898714E-005
      523.80     0.0000000000E+000     0.0000000000E+000     0.8557895363E-005
      527.80     0.0000000000E+000     0.0000000000E+000     0.5867788505E-005
      531.80     0.0000000000E+000     0.0000000000E+000     0.2251286863E-005
      535.80     0.0000000000E+000     0.0000000000E+000    -0.1720643473E-005
      539.80     0.0000000000E+000     0.0000000000E+000    -0.5420922038E-005
      543.80     0.0000000000E+000     0.0000000000E+000    -0.8265356209E-005
      547.80     0.0000000000E+000     0.0000000000E+000    -0.9804872373E-005
      551.80     0.0000000000E+000     0.0000000000E+000    -0.9796414779E-005
      555.80     0.0000000000E+000     0.0000000000E+000    -0.8241318695E-005
      559.80     0.0000000000E+000     0.0000000000E+000    -0.5385099599E-005
      563.80     0.0000000000E+000     0.0000000000E+000    -0.1678691684E-005
      567.80     0.0000000000E+000     0.0000000000E+000     0.2292744737E-005
      571.80     0.0000000000E+000     0.0000000000E+000     0.5902207176E-005
      575.80     0.0000000000E+000     0.0000000000E+000     0.8579840881E-005
      579.80     0.0000000000E+000     0.0000000000E+000     0.9902906364E-005
      583.80     0.0000000000E+000     0.0000000000E+000     0.9662520677E-005
      587.80     0.0000000000E+000     0.0000000000E+000     0.7896635435E-005
      591.80     0.0000000000E+000     0.0000000000E+000     0.4884045089E-005
      595.80     0.0000000000E+000     0.0000000000E+000     0.1100371414E-005
      599.80     0.0000000000E+000     0.0000000000E+000    -0.2857026713E-005
      603.80     0.0000000000E+000     0.0000000000E+000    -0.6363363141E-005
      607.80     0.0000000000E+000     0.0000000000E+000    -0.8865064448E-005
      611.80     0.0000000000E+000     0.0000000000E+000    -0.9967167003E-005
      615.80     0.0000000000E+000     0.0000000000E+000    -0.9495673047E-005
      619.80     0.0000000000E+000     0.0000000000E+000    -0.7525021107E-005
      623.80     0.0000000000E+000     0.0000000000E+000    -0.4366333795E-005
      627.80     0.0000000000E+000     0.0000000000E+000    -0.5182983834E-006
      631.80     0.0000000000E+000     0.0000000000E+000     0.3411564946E-005
      635.80     0.0000000000E+000     0.0000000000E+000     0.6802817185E-005
      639.80     0.0000000000E+000     0.0000000000E+000     0.9120054170E-005
      643.80     0.0000000000E+000     0.0000000000E+000     0.9997435133E-005
      647.80     0.0000000000E+000     0.0000000000E+000     0.9296440913E-005
      651.80     0.0000000000E+000     0.0000000000E+000     0.7127743083E-005
      655.80     0.0000000000E+000     0.0000000000E+000     0.3833731345E-005
      659.80     0.0000000000E+000     0.0000000000E+000    -0.6554227687E-007
      663.80     0.0000000000E+000     0.0000000000E+000    -0.3954468214E-005
      667.80     0.0000000000E+000     0.0000000000E+000    -0.7219070571E-005
      671.80     0.0000000000E+000     0.0000000000E+000    -0.9343940418E-005
      675.80     0.0000000000E+000     0.0000000000E+000    -0.9993607527E-005
      679.80     0.0000000000E+000     0.0000000000E+000    -0.9065503747E-005
      683.80     0.0000000000E+000     0.0000000000E+000    -0.6706156258E-005
      687.80     0.0000000000E+000     0.0000000000E+000    -0.3288054151E-005
      691.80     0.0000000000E+000     0.0000000000E+000     0.6491594086E-006
      695.80     0.0000000000E+000     0.0000000000E+000     0.4483884972E-005
      699.80     0.0000000000E+000     0.0000000000E+000     0.7610703689E-005
      703.80     0.0000000000E+000     0.0000000000E+000     0.9535959639E-005
      707.80     0.0000000000E+000     0.0000000000E+000     0.9955697238E-005
      711.80     0.0000000000E+000     0.0000000000E+000     0.8803649149E-005
      715.80     0.0000000000E+000     0.0000000000E+000     0.6261698434E-005
      719.80     0.0000000000E+000     0.0000000000E+000     0.2731163219E-005
      723.80     0.0000000000E+000     0.0000000000E+000    -0.1230562616E-005
      727.80     0.0000000000E+000     0.0000000000E+000    -0.4998009671E-005
      731.80     0.0000000000E+000     0.0000000000E+000    -0.7976380895E-005
      735.80     0.0000000000E+000     0.0000000000E+000    -0.9695456961E-005
      739.80     0.0000000000E+000     0.0000000000E+000    -0.9883833557E-005
      743.80     0.0000000000E+000     0.0000000000E+000    -0.8511770159E-005
      747.80     0.0000000000E+000     0.0000000000E+000    -0.5795885411E-005
      751.80     0.0000000000E+000     0.0000000000E+000    -0.2164957796E-005
      755.80     0.0000000000E+000     0.0000000000E+000     0.1807769052E-005
      759.80     0.0000000000E+000     0.0000000000E+000     0.5495088916E-005
      763.80     0.0000000000E+000     0.0000000000E+000     0.8314855066E-005
      767.80     0.0000000000E+000     0.0000000000E+000     0.9821888428E-005
      771.80     0.0000000000E+000     0.0000000000E+000     0.9778261571E-005
      775.80     0.0000000000E+000     0.0000000000E+000     0.8190862217E-005
      779.80     0.0000000000E+000     0.0000000000E+000     0.5310305819E-005
      783.80     0.0000000000E+000     0.0000000000E+000     0.1591368895E-005
      787.80     0.0000000000E+000     0.0000000000E+000    -0.2378810186E-005
      791.80     0.0000000000E+000     0.0000000000E+000    -0.5973427444E-005
      795.80     0.0000000000E+000     0.0000000000E+000    -0.8624971852E-005
      799.80     0.0000000000E+000     0.0000000000E+000    -0.9914822851E-005
      803.80     0.0000000000E+000     0.0000000000E+000    -0.9639341329E-005
      807.80     0.0000000000E+000     0.0000000000E+000    -0.7842019761E-005
      811.80     0.0000000000E+000     0.0000000000E+000    -0.4806615703E-005
      815.80     0.0000000000E+000     0.0000000000E+000    -0.1012352713E-005
      819.80     0.0000000000E+000     0.0000000000E+000     0.2941738510E-005
      823.80     0.0000000000E+000     0.0000000000E+000     0.6431393906E-005
      827.80     0.0000000000E+000     0.0000000000E+000     0.8905673617E-005
      831.80     0.0000000000E+000     0.0000000000E+000     0.9973943282E-005
      835.80     0.0000000000E+000     0.0000000000E+000     0.9467546611E-005
      839.80     0.0000000000E+000     0.0000000000E+000     0.7466432501E-005
      843.80     0.0000000000E+000     0.0000000000E+000     0.4286532872E-005
      847.80     0.0000000000E+000     0.0000000000E+000     0.4298839546E-006
      851.80     0.0000000000E+000     0.0000000000E+000    -0.3494634187E-005
      855.80     0.0000000000E+000     0.0000000000E+000    -0.6867426430E-005
      859.80     0.0000000000E+000     0.0000000000E+000    -0.9156003042E-005
      863.80     0.0000000000E+000     0.0000000000E+000    -0.9999048095E-005
      867.80     0.0000000000E+000     0.0000000000E+000    -0.9263463313E-005
      871.80     0.0000000000E+000     0.0000000000E+000    -0.7065381359E-005
      875.80     0.0000000000E+000     0.0000000000E+000    -0.3751831042E-005
      879.80     0.0000000000E+000     0.0000000000E+000     0.1540509011E-006
      883.80     0.0000000000E+000     0.0000000000E+000     0.4035611594E-005
      887.80     0.0000000000E+000     0.0000000000E+000     0.7280037952E-005
      891.80     0.0000000000E+000     0.0000000000E+000     0.9375106390E-005
      895.80     0.0000000000E+000     0.0000000000E+000     0.9990051669E-005
      899.80     0.0000000000E+000     0.0000000000E+000     0.9027787451E-005
      903.80     0.0000000000E+000     0.0000000000E+000     0.6640234098E-005
      907.80     0.0000000000E+000     0.0000000000E+000     0.3204333786E-005
      911.80     0.0000000000E+000     0.0000000000E+000    -0.7374603741E-006
      915.80     0.0000000000E+000     0.0000000000E+000    -0.4562825756E-005
      919.80     0.0000000000E+000     0.0000000000E+000    -0.7667821279E-005
      923.80     0.0000000000E+000     0.0000000000E+000    -0.9562236422E-005
      927.80     0.0000000000E+000     0.0000000000E+000    -0.9946984688E-005
      931.80     0.0000000000E+000     0.0000000000E+000    -0.8761322786E-005
      935.80     0.0000000000E+000     0.0000000000E+000    -0.6192440661E-005
      939.80     0.0000000000E+000     0.0000000000E+000    -0.2645908315E-005
      943.80     0.0000000000E+000     0.0000000000E+000     0.1318354777E-005
      947.80     0.0000000000E+000     0.0000000000E+000     0.5074478636E-005
      951.80     0.0000000000E+000     0.0000000000E+000     0.8029453897E-005
      955.80     0.0000000000E+000     0.0000000000E+000     0.9716754939E-005
      959.80     0.0000000000E+000     0.0000000000E+000     0.9869994029E-005
      963.80     0.0000000000E+000     0.0000000000E+000     0.8464978082E-005
      967.80     0.0000000000E+000     0.0000000000E+000     0.5723528225E-005
      971.80     0.0000000000E+000     0.0000000000E+000     0.2078459109E-005
      975.80     0.0000000000E+000     0.0000000000E+000    -0.1894752998E-005
      979.80     0.0000000000E+000     0.0000000000E+000    -0.5568825269E-005
      983.80     0.0000000000E+000     0.0000000000E+000    -0.8363702477E-005
      987.80     0.0000000000E+000     0.0000000000E+000    -0.9838134966E-005
      991.80     0.0000000000E+000     0.0000000000E+000    -0.9759342264E-005
      995.80     0.0000000000E+000     0.0000000000E+000    -0.8139764007E-005
      999.80     0.0000000000E+000     0.0000000000E+000    -0.5235095991E-005
     1003.80     0.0000000000E+000     0.0000000000E+000    -0.1503921427E-005
     1007.80     0.0000000000E+000     0.0000000000E+000     0.2464689262E-005
     1011.80     0.0000000000E+000     0.0000000000E+000     0.6044179710E-005
     1015.80     0.0000000000E+000     0.0000000000E+000     0.8669427082E-005
     1019.80     0.0000000000E+000     0.0000000000E+000     0.9925962540E-005
     1023.80     0.0000000000E+000     0.0000000000E+000     0.9615406766E-005
     1027.80     0.0000000000E+000     0.0000000000E+000     0.7786789686E-005
     1031.80     0.0000000000E+000     0.0000000000E+000     0.4728809732E-005
     1035.80     0.0000000000E+000     0.0000000000E+000     0.9242546977E-006
     1039.80     0.0000000000E+000     0.0000000000E+000    -0.3026219831E-005
     1043.80     0.0000000000E+000     0.0000000000E+000    -0.6498920788E-005
     1047.80     0.0000000000E+000     0.0000000000E+000    -0.8945585052E-005
     1051.80     0.0000000000E+000     0.0000000000E+000    -0.9979938131E-005
     1055.80     0.0000000000E+000     0.0000000000E+000    -0.9438678419E-005
     1059.80     0.0000000000E+000     0.0000000000E+000    -0.7407258921E-005
     1063.80     0.0000000000E+000     0.0000000000E+000    -0.4206396111E-005
     1067.80     0.0000000000E+000     0.0000000000E+000    -0.3414358456E-006
     1071.80     0.0000000000E+000     0.0000000000E+000     0.3577429633E-005
     1075.80     0.0000000000E+000     0.0000000000E+000     0.6931497633E-005
     1079.80     0.0000000000E+000     0.0000000000E+000     0.9191234566E-005
     1083.80     0.0000000000E+000     0.0000000000E+000     0.9999877659E-005
     1087.80     0.0000000000E+000     0.0000000000E+000     0.9229759946E-005
     1091.80     0.0000000000E+000     0.0000000000E+000     0.7002466082E-005
     1095.80     0.0000000000E+000     0.0000000000E+000     0.3669636794E-005
     1099.80     0.0000000000E+000     0.0000000000E+000    -0.2425474558E-006
     1103.80     0.0000000000E+000     0.0000000000E+000    -0.4116438795E-005
     1107.80     0.0000000000E+000     0.0000000000E+000    -0.7340434962E-005
     1111.80     0.0000000000E+000     0.0000000000E+000    -0.9405537849E-005
     1115.80     0.0000000000E+000     0.0000000000E+000    -0.9985713119E-005
     1119.80     0.0000000000E+000     0.0000000000E+000    -0.8989363853E-005
     1123.80     0.0000000000E+000     0.0000000000E+000    -0.6573791693E-005
     1127.80     0.0000000000E+000     0.0000000000E+000    -0.3120362370E-005
     1131.80     0.0000000000E+000     0.0000000000E+000     0.8257035616E-006
     1135.80     0.0000000000E+000     0.0000000000E+000     0.4641409056E-005
     1139.80     0.0000000000E+000     0.0000000000E+000     0.7724338116E-005
     1143.80     0.0000000000E+000     0.0000000000E+000     0.9587764030E-005
     1147.80     0.0000000000E+000     0.0000000000E+000     0.9937492820E-005
     1151.80     0.0000000000E+000     0.0000000000E+000     0.8718309999E-005
     1155.80     0.0000000000E+000     0.0000000000E+000     0.6122697727E-005
     1159.80     0.0000000000E+000     0.0000000000E+000     0.2560446110E-005
     1163.80     0.0000000000E+000     0.0000000000E+000    -0.1406043648E-005
     1167.80     0.0000000000E+000     0.0000000000E+000    -0.5150550031E-005
     1171.80     0.0000000000E+000     0.0000000000E+000    -0.8081897814E-005
     1175.80     0.0000000000E+000     0.0000000000E+000    -0.9737291637E-005
     1179.80     0.0000000000E+000     0.0000000000E+000    -0.9855381214E-005
     1183.80     0.0000000000E+000     0.0000000000E+000    -0.8417522798E-005
     1187.80     0.0000000000E+000     0.0000000000E+000    -0.5650722616E-005
     1191.80     0.0000000000E+000     0.0000000000E+000    -0.1991797582E-005
     1195.80     0.0000000000E+000     0.0000000000E+000     0.1981588495E-005
     1199.80     0.0000000000E+000     0.0000000000E+000     0.5642125320E-005
     1203.80     0.0000000000E+000     0.0000000000E+000     0.8411894616E-005
     1207.80     0.0000000000E+000     0.0000000000E+000     0.9853610713E-005
     1211.80     0.0000000000E+000     0.0000000000E+000     0.9739658339E-005
     1215.80     0.0000000000E+000     0.0000000000E+000     0.8088028070E-005
     1219.80     0.0000000000E+000     0.0000000000E+000     0.5159476007E-005
     1223.80     0.0000000000E+000     0.0000000000E+000     0.1416356130E-005
     1227.80     0.0000000000E+000     0.0000000000E+000    -0.2550375237E-005
     1231.80     0.0000000000E+000     0.0000000000E+000    -0.6114458432E-005
     1235.80     0.0000000000E+000     0.0000000000E+000    -0.8713203085E-005
     1239.80     0.0000000000E+000     0.0000000000E+000    -0.9936324557E-005
     1243.80     0.0000000000E+000     0.0000000000E+000    -0.9590718862E-005
     1247.80     0.0000000000E+000     0.0000000000E+000    -0.7730949539E-005
     1251.80     0.0000000000E+000     0.0000000000E+000    -0.4650633272E-005
     1255.80     0.0000000000E+000     0.0000000000E+000    -0.8360842693E-006
     1259.80     0.0000000000E+000     0.0000000000E+000     0.3110464055E-005
     1263.80     0.0000000000E+000     0.0000000000E+000     0.6565938499E-005
     1267.80     0.0000000000E+000     0.0000000000E+000     0.8984795625E-005
     1271.80     0.0000000000E+000     0.0000000000E+000     0.9985151080E-005
     1275.80     0.0000000000E+000     0.0000000000E+000     0.9409070733E-005
     1279.80     0.0000000000E+000     0.0000000000E+000     0.7347505004E-005
     1283.80     0.0000000000E+000     0.0000000000E+000     0.4125929791E-005
     1287.80     0.0000000000E+000     0.0000000000E+000     0.2529609861E-006
     1291.80     0.0000000000E+000     0.0000000000E+000    -0.3659944797E-005
     1295.80     0.0000000000E+000     0.0000000000E+000    -0.6995025771E-005
     1299.80     0.0000000000E+000     0.0000000000E+000    -0.9225745983E-005
     1303.80     0.0000000000E+000     0.0000000000E+000    -0.9999923760E-005
     1307.80     0.0000000000E+000     0.0000000000E+000    -0.9195333453E-005
     1311.80     0.0000000000E+000     0.0000000000E+000    -0.6939002182E-005
     1315.80     0.0000000000E+000     0.0000000000E+000    -0.3587155040E-005
     1319.80     0.0000000000E+000     0.0000000000E+000     0.3310250076E-006
     1323.80     0.0000000000E+000     0.0000000000E+000     0.4196943485E-005
     1327.80     0.0000000000E+000     0.0000000000E+000     0.7400256869E-005
     1331.80     0.0000000000E+000     0.0000000000E+000     0.9435232410E-005
     1335.80     0.0000000000E+000     0.0000000000E+000     0.9980592216E-005
     1339.80     0.0000000000E+000     0.0000000000E+000     0.8950235964E-005
     1343.80     0.0000000000E+000     0.0000000000E+000     0.6506834251E-005
     1347.80     0.0000000000E+000     0.0000000000E+000     0.3036146482E-005
     1351.80     0.0000000000E+000     0.0000000000E+000    -0.9138820576E-006
     1355.80     0.0000000000E+000     0.0000000000E+000    -0.4719628715E-005
     1359.80     0.0000000000E+000     0.0000000000E+000    -0.7780249773E-005
     1363.80     0.0000000000E+000     0.0000000000E+000    -0.9612540464E-005
     1367.80     0.0000000000E+000     0.0000000000E+000    -0.9927222377E-005
     1371.80     0.0000000000E+000     0.0000000000E+000    -0.8674614156E-005
     1375.80     0.0000000000E+000     0.0000000000E+000    -0.6052475097E-005
     1379.80     0.0000000000E+000     0.0000000000E+000    -0.2474783303E-005
     1383.80     0.0000000000E+000     0.0000000000E+000     0.1493622360E-005
     1387.80     0.0000000000E+000     0.0000000000E+000     0.5226217894E-005
     1391.80     0.0000000000E+000     0.0000000000E+000     0.8133708536E-005
     1395.80     0.0000000000E+000     0.0000000000E+000     0.9757065444E-005
     1399.80     0.0000000000E+000     0.0000000000E+000     0.9839996258E-005
     1403.80     0.0000000000E+000     0.0000000000E+000     0.8369408024E-005
     1407.80     0.0000000000E+000     0.0000000000E+000     0.5577474290E-005
     1411.80     0.0000000000E+000     0.0000000000E+000     0.1904980002E-005
     1415.80     0.0000000000E+000     0.0000000000E+000    -0.2068268740E-005
     1419.80     0.0000000000E+000     0.0000000000E+000    -0.5714983326E-005
     1423.80     0.0000000000E+000     0.0000000000E+000    -0.8459427706E-005
     1427.80     0.0000000000E+000     0.0000000000E+000    -0.9868314457E-005
     1431.80     0.0000000000E+000     0.0000000000E+000    -0.9719211339E-005
     1435.80     0.0000000000E+000     0.0000000000E+000    -0.8035658458E-005
     1439.80     0.0000000000E+000     0.0000000000E+000    -0.5083451794E-005
     1443.80     0.0000000000E+000     0.0000000000E+000    -0.1328679866E-005
     1447.80     0.0000000000E+000     0.0000000000E+000     0.2635861397E-005
     1451.80     0.0000000000E+000     0.0000000000E+000     0.6184258103E-005
     1455.80     0.0000000000E+000     0.0000000000E+000     0.8756296434E-005
     1459.80     0.0000000000E+000     0.0000000000E+000     0.9945908091E-005
     1463.80     0.0000000000E+000     0.0000000000E+000     0.9565279552E-005
     1467.80     0.0000000000E+000     0.0000000000E+000     0.7674503693E-005
     1471.80     0.0000000000E+000     0.0000000000E+000     0.4572092448E-005
     1475.80     0.0000000000E+000     0.0000000000E+000     0.7478483361E-006
     1479.80     0.0000000000E+000     0.0000000000E+000    -0.3194464584E-005
     1483.80     0.0000000000E+000     0.0000000000E+000    -0.6632441786E-005
     1487.80     0.0000000000E+000     0.0000000000E+000    -0.9023302265E-005
     1491.80     0.0000000000E+000     0.0000000000E+000    -0.9989581720E-005
     1495.80     0.0000000000E+000     0.0000000000E+000    -0.9378725872E-005
     1499.80     0.0000000000E+000     0.0000000000E+000    -0.7287175429E-005
     1503.80     0.0000000000E+000     0.0000000000E+000    -0.4045140216E-005
     1507.80     0.0000000000E+000     0.0000000000E+000    -0.1644663077E-006
     1511.80     0.0000000000E+000     0.0000000000E+000     0.3742173215E-005
     1515.80     0.0000000000E+000     0.0000000000E+000     0.7058005869E-005
     1519.80     0.0000000000E+000     0.0000000000E+000     0.9259534588E-005
     1523.80     0.0000000000E+000     0.0000000000E+000     0.9999186395E-005
     1527.80     0.0000000000E+000     0.0000000000E+000     0.9160186532E-005
     1531.80     0.0000000000E+000     0.0000000000E+000     0.6874994630E-005
     1535.80     0.0000000000E+000     0.0000000000E+000     0.3504392243E-005
     1539.80     0.0000000000E+000     0.0000000000E+000    -0.4194766245E-006
     1543.80     0.0000000000E+000     0.0000000000E+000    -0.4277119356E-005
     1547.80     0.0000000000E+000     0.0000000000E+000    -0.7459498987E-005
     1551.80     0.0000000000E+000     0.0000000000E+000    -0.9464187747E-005
     1555.80     0.0000000000E+000     0.0000000000E+000    -0.9974689361E-005
     1559.80     0.0000000000E+000     0.0000000000E+000    -0.8910406848E-005
     1563.80     0.0000000000E+000     0.0000000000E+000    -0.6439367016E-005
     1567.80     0.0000000000E+000     0.0000000000E+000    -0.2951692720E-005
     1571.80     0.0000000000E+000     0.0000000000E+000     0.1001988953E-005
     1575.80     0.0000000000E+000     0.0000000000E+000     0.4797478603E-005
     1579.80     0.0000000000E+000     0.0000000000E+000     0.7835551869E-005
     1583.80     0.0000000000E+000     0.0000000000E+000     0.9636563782E-005
     1587.80     0.0000000000E+000     0.0000000000E+000     0.9916174163E-005
     1591.80     0.0000000000E+000     0.0000000000E+000     0.8630238681E-005
     1595.80     0.0000000000E+000     0.0000000000E+000     0.5981778273E-005
     1599.80     0.0000000000E+000     0.0000000000E+000     0.2388926602E-005
     1603.80     0.0000000000E+000     0.0000000000E+000    -0.1581084051E-005
     1607.80     0.0000000000E+000     0.0000000000E+000    -0.5301476297E-005
     1611.80     0.0000000000E+000     0.0000000000E+000    -0.8184882005E-005
     1615.80     0.0000000000E+000     0.0000000000E+000    -0.9776074813E-005
     1619.80     0.0000000000E+000     0.0000000000E+000    -0.9823840365E-005
     1623.80     0.0000000000E+000     0.0000000000E+000    -0.8320637530E-005
     1627.80     0.0000000000E+000     0.0000000000E+000    -0.5503788983E-005
     1631.80     0.0000000000E+000     0.0000000000E+000    -0.1818013173E-005
     1635.80     0.0000000000E+000     0.0000000000E+000     0.2154786942E-005
     1639.80     0.0000000000E+000     0.0000000000E+000     0.5787393579E-005
     1643.80     0.0000000000E+000     0.0000000000E+000     0.8506298023E-005
     1647.80     0.0000000000E+000     0.0000000000E+000     0.9882245046E-005
     1651.80     0.0000000000E+000     0.0000000000E+000     0.9698002867E-005
     1655.80     0.0000000000E+000     0.0000000000E+000     0.7982659274E-005
     1659.80     0.0000000000E+000     0.0000000000E+000     0.5007029306E-005
     1663.80     0.0000000000E+000     0.0000000000E+000     0.1240899504E-005
     1667.80     0.0000000000E+000     0.0000000000E+000    -0.2721141044E-005
     1671.80     0.0000000000E+000     0.0000000000E+000    -0.6253573254E-005
     1675.80     0.0000000000E+000     0.0000000000E+000    -0.8798703751E-005
     1679.80     0.0000000000E+000     0.0000000000E+000    -0.9954712391E-005
     1683.80     0.0000000000E+000     0.0000000000E+000    -0.9539090829E-005
     1687.80     0.0000000000E+000     0.0000000000E+000    -0.7617456571E-005
     1691.80     0.0000000000E+000     0.0000000000E+000    -0.4493193413E-005
     1695.80     0.0000000000E+000     0.0000000000E+000    -0.6595538111E-006
     1699.80     0.0000000000E+000     0.0000000000E+000     0.3278214835E-005
     1703.80     0.0000000000E+000     0.0000000000E+000     0.6698425440E-005
     1707.80     0.0000000000E+000     0.0000000000E+000     0.9061101953E-005
     1711.80     0.0000000000E+000     0.0000000000E+000     0.9993229704E-005
     1715.80     0.0000000000E+000     0.0000000000E+000     0.9347646215E-005
     1719.80     0.0000000000E+000     0.0000000000E+000     0.7226274925E-005
     1723.80     0.0000000000E+000     0.0000000000E+000     0.3964033716E-005
     1727.80     0.0000000000E+000     0.0000000000E+000     0.7595874393E-007
     1731.80     0.0000000000E+000     0.0000000000E+000    -0.3824108443E-005
     1735.80     0.0000000000E+000     0.0000000000E+000    -0.7120432992E-005
     1739.80     0.0000000000E+000     0.0000000000E+000    -0.9292597735E-005
     1743.80     0.0000000000E+000     0.0000000000E+000    -0.9997665622E-005
     1747.80     0.0000000000E+000     0.0000000000E+000    -0.9124321935E-005
     1751.80     0.0000000000E+000     0.0000000000E+000    -0.6810448441E-005
     1755.80     0.0000000000E+000     0.0000000000E+000    -0.3421354886E-005
     1759.80     0.0000000000E+000     0.0000000000E+000     0.5078953766E-006
     1763.80     0.0000000000E+000     0.0000000000E+000     0.4356960127E-005
     1767.80     0.0000000000E+000     0.0000000000E+000     0.7518156674E-005
     1771.80     0.0000000000E+000     0.0000000000E+000     0.9492401592E-005
     1775.80     0.0000000000E+000     0.0000000000E+000     0.9968005017E-005
     1779.80     0.0000000000E+000     0.0000000000E+000     0.8869879627E-005
     1783.80     0.0000000000E+000     0.0000000000E+000     0.6371395274E-005
     1787.80     0.0000000000E+000     0.0000000000E+000     0.2867007702E-005
     1791.80     0.0000000000E+000     0.0000000000E+000    -0.1090017346E-005
     1795.80     0.0000000000E+000     0.0000000000E+000    -0.4874952623E-005
     1799.80     0.0000000000E+000     0.0000000000E+000    -0.7890240071E-005
     1803.80     0.0000000000E+000     0.0000000000E+000    -0.9659832102E-005
     1807.80     0.0000000000E+000     0.0000000000E+000    -0.9904349045E-005
     1811.80     0.0000000000E+000     0.0000000000E+000    -0.8585187051E-005
     1815.80     0.0000000000E+000     0.0000000000E+000    -0.5910612792E-005
     1819.80     0.0000000000E+000     0.0000000000E+000    -0.2302882736E-005
     1823.80     0.0000000000E+000     0.0000000000E+000     0.1668421868E-005
     1827.80     0.0000000000E+000     0.0000000000E+000     0.5376319344E-005
     1831.80     0.0000000000E+000     0.0000000000E+000     0.8235414211E-005
     1835.80     0.0000000000E+000     0.0000000000E+000     0.9794318254E-005
     1839.80     0.0000000000E+000     0.0000000000E+000     0.9806914802E-005
     1843.80     0.0000000000E+000     0.0000000000E+000     0.8271215138E-005
     1847.80     0.0000000000E+000     0.0000000000E+000     0.5429672470E-005
     1851.80     0.0000000000E+000     0.0000000000E+000     0.1730903908E-005
     1855.80     0.0000000000E+000     0.0000000000E+000    -0.2241136323E-005
     1859.80     0.0000000000E+000     0.0000000000E+000    -0.5859350406E-005
     1863.80     0.0000000000E+000     0.0000000000E+000    -0.8552501896E-005
     1867.80     0.0000000000E+000     0.0000000000E+000    -0.9895401389E-005
     1871.80     0.0000000000E+000     0.0000000000E+000    -0.9676034582E-005
     1875.80     0.0000000000E+000     0.0000000000E+000    -0.7929034672E-005
     1879.80     0.0000000000E+000     0.0000000000E+000    -0.4930214531E-005
     1883.80     0.0000000000E+000     0.0000000000E+000    -0.1153021921E-005
     1887.80     0.0000000000E+000     0.0000000000E+000     0.2806207498E-005
     1891.80     0.0000000000E+000     0.0000000000E+000     0.6322398456E-005
     1895.80     0.0000000000E+000     0.0000000000E+000     0.8840421714E-005
     1899.80     0.0000000000E+000     0.0000000000E+000     0.9962736767E-005
     1903.80     0.0000000000E+000     0.0000000000E+000     0.9512154745E-005
     1907.80     0.0000000000E+000     0.0000000000E+000     0.7559812643E-005
     1911.80     0.0000000000E+000     0.0000000000E+000     0.4413942349E-005
     1915.80     0.0000000000E+000     0.0000000000E+000     0.5712076119E-006
     1919.80     0.0000000000E+000     0.0000000000E+000    -0.3361708247E-005
     1923.80     0.0000000000E+000     0.0000000000E+000    -0.6763884291E-005
     1927.80     0.0000000000E+000     0.0000000000E+000    -0.9098191730E-005
     1931.80     0.0000000000E+000     0.0000000000E+000    -0.9996094746E-005
     1935.80     0.0000000000E+000     0.0000000000E+000    -0.9315834196E-005
     1939.80     0.0000000000E+000     0.0000000000E+000    -0.7164808262E-005
     1943.80     0.0000000000E+000     0.0000000000E+000    -0.3882616644E-005
     1947.80     0.0000000000E+000     0.0000000000E+000     0.1255477103E-007
     1951.80     0.0000000000E+000     0.0000000000E+000     0.3905744064E-005
     1955.80     0.0000000000E+000     0.0000000000E+000     0.7182302249E-005
     1959.80     0.0000000000E+000     0.0000000000E+000     0.9324932833E-005
     1963.80     0.0000000000E+000     0.0000000000E+000     0.9995361559E-005
     1967.80     0.0000000000E+000     0.0000000000E+000     0.9087742474E-005
     1971.80     0.0000000000E+000     0.0000000000E+000     0.6745368673E-005
     1975.80     0.0000000000E+000     0.0000000000E+000     0.3338049476E-005
     1979.80     0.0000000000E+000     0.0000000000E+000    -0.5962743366E-006
     1983.80     0.0000000000E+000     0.0000000000E+000    -0.4436459542E-005
     1987.80     0.0000000000E+000     0.0000000000E+000    -0.7576225335E-005
     1991.80     0.0000000000E+000     0.0000000000E+000    -0.9519871733E-005
     1995.80     0.0000000000E+000     0.0000000000E+000    -0.9960539708E-005
     1999.80     0.0000000000E+000     0.0000000000E+000    -0.8828657475E-005
     2003.80     0.0000000000E+000     0.0000000000E+000    -0.6302924352E-005
     2007.80     0.0000000000E+000     0.0000000000E+000    -0.2782098062E-005
     2011.80     0.0000000000E+000     0.0000000000E+000     0.1177960339E-005
     2015.80     0.0000000000E+000     0.0000000000E+000     0.4952044704E-005
     2019.80     0.0000000000E+000     0.0000000000E+000     0.7944310095E-005
     2023.80     0.0000000000E+000     0.0000000000E+000     0.9682343602E-005
     2027.80     0.0000000000E+000     0.0000000000E+000     0.9891747949E-005
     2031.80     0.0000000000E+000     0.0000000000E+000     0.8539462796E-005
     2035.80     0.0000000000E+000     0.0000000000E+000     0.5838984232E-005
     2039.80     0.0000000000E+000     0.0000000000E+000     0.2216658446E-005
     2043.80     0.0000000000E+000     0.0000000000E+000    -0.1755628969E-005
     2047.80     0.0000000000E+000     0.0000000000E+000    -0.5450741172E-005
     2051.80     0.0000000000E+000     0.0000000000E+000    -0.8285301196E-005
     2055.80     0.0000000000E+000     0.0000000000E+000    -0.9811794337E-005
     2059.80     0.0000000000E+000     0.0000000000E+000    -0.9789220895E-005
     2063.80     0.0000000000E+000     0.0000000000E+000    -0.8221144719E-005
     2067.80     0.0000000000E+000     0.0000000000E+000    -0.5355130558E-005
     2071.80     0.0000000000E+000     0.0000000000E+000    -0.1643659031E-005
     2075.80     0.0000000000E+000     0.0000000000E+000     0.2327310117E-005
     2079.80     0.0000000000E+000     0.0000000000E+000     0.5930848169E-005
     2083.80     0.0000000000E+000     0.0000000000E+000     0.8598035704E-005
     2087.80     0.0000000000E+000     0.0000000000E+000     0.9907782454E-005
     2091.80     0.0000000000E+000     0.0000000000E+000     0.9653308208E-005
     2095.80     0.0000000000E+000     0.0000000000E+000     0.7874788852E-005
     2099.80     0.0000000000E+000     0.0000000000E+000     0.4853013487E-005
     2103.80     0.0000000000E+000     0.0000000000E+000     0.1065054001E-005
     2107.80     0.0000000000E+000     0.0000000000E+000    -0.2891054093E-005
     2111.80     0.0000000000E+000     0.0000000000E+000    -0.6390728315E-005
     2115.80     0.0000000000E+000     0.0000000000E+000    -0.8881447055E-005
     2119.80     0.0000000000E+000     0.0000000000E+000    -0.9969980590E-005
     2123.80     0.0000000000E+000     0.0000000000E+000    -0.9484473411E-005
     2127.80     0.0000000000E+000     0.0000000000E+000    -0.7501576424E-005
     2131.80     0.0000000000E+000     0.0000000000E+000    -0.4334345465E-005
     2135.80     0.0000000000E+000     0.0000000000E+000    -0.4828166601E-006
     2139.80     0.0000000000E+000     0.0000000000E+000     0.3444938279E-005
     2143.80     0.0000000000E+000     0.0000000000E+000     0.6828813211E-005
     2147.80     0.0000000000E+000     0.0000000000E+000     0.9134568689E-005
     2151.80     0.0000000000E+000     0.0000000000E+000     0.9998176622E-005
     2155.80     0.0000000000E+000     0.0000000000E+000     0.9283292306E-005
     2159.80     0.0000000000E+000     0.0000000000E+000     0.7102780257E-005
     2163.80     0.0000000000E+000     0.0000000000E+000     0.3800895380E-005
     2167.80     0.0000000000E+000     0.0000000000E+000    -0.1010673024E-006
     2171.80     0.0000000000E+000     0.0000000000E+000    -0.3987073680E-005
     2175.80     0.0000000000E+000     0.0000000000E+000    -0.7243608792E-005
     2179.80     0.0000000000E+000     0.0000000000E+000    -0.9356537348E-005
     2183.80     0.0000000000E+000     0.0000000000E+000    -0.9992274388E-005
     2187.80     0.0000000000E+000     0.0000000000E+000    -0.9050451013E-005
     2191.80     0.0000000000E+000     0.0000000000E+000    -0.6679760424E-005
     2195.80     0.0000000000E+000     0.0000000000E+000    -0.3254482539E-005
     2199.80     0.0000000000E+000     0.0000000000E+000     0.6846065800E-006
     2203.80     0.0000000000E+000     0.0000000000E+000     0.4515611373E-005
     2207.80     0.0000000000E+000     0.0000000000E+000     0.7633700419E-005
     2211.80     0.0000000000E+000     0.0000000000E+000     0.9546596019E-005
     2215.80     0.0000000000E+000     0.0000000000E+000     0.9952294018E-005
     2219.80     0.0000000000E+000     0.0000000000E+000     0.8786743623E-005
     2223.80     0.0000000000E+000     0.0000000000E+000     0.6233959613E-005
     2227.80     0.0000000000E+000     0.0000000000E+000     0.2696970452E-005
     2231.80     0.0000000000E+000     0.0000000000E+000    -0.1265811042E-005
     2235.80     0.0000000000E+000     0.0000000000E+000    -0.5028748805E-005
     2239.80     0.0000000000E+000     0.0000000000E+000    -0.7997757704E-005
     2243.80     0.0000000000E+000     0.0000000000E+000    -0.9704096517E-005
     2247.80     0.0000000000E+000     0.0000000000E+000    -0.9878371863E-005
     2251.80     0.0000000000E+000     0.0000000000E+000    -0.8493069497E-005
     2255.80     0.0000000000E+000     0.0000000000E+000    -0.5766898204E-005
     2259.80     0.0000000000E+000     0.0000000000E+000    -0.2130260486E-005
     2263.80     0.0000000000E+000     0.0000000000E+000     0.1842698521E-005
     2267.80     0.0000000000E+000     0.0000000000E+000     0.5524735950E-005
     2271.80     0.0000000000E+000     0.0000000000E+000     0.8334539050E-005
     2275.80     0.0000000000E+000     0.0000000000E+000     0.9828501694E-005
     2279.80     0.0000000000E+000     0.0000000000E+000     0.9770760029E-005
     2283.80     0.0000000000E+000     0.0000000000E+000     0.8170430196E-005
     2287.80     0.0000000000E+000     0.0000000000E+000     0.5280169086E-005
     2291.80     0.0000000000E+000     0.0000000000E+000     0.1556285378E-005
     2295.80     0.0000000000E+000     0.0000000000E+000    -0.2413301572E-005
     2299.80     0.0000000000E+000     0.0000000000E+000    -0.6001881267E-005
     2303.80     0.0000000000E+000     0.0000000000E+000    -0.8642895880E-005
     2307.80     0.0000000000E+000     0.0000000000E+000    -0.9919387273E-005
     2311.80     0.0000000000E+000     0.0000000000E+000    -0.9629825523E-005
     2315.80     0.0000000000E+000     0.0000000000E+000    -0.7819926064E-005
     2319.80     0.0000000000E+000     0.0000000000E+000    -0.4775432224E-005
     2323.80     0.0000000000E+000     0.0000000000E+000    -0.9770026379E-006
     2327.80     0.0000000000E+000     0.0000000000E+000     0.2975674182E-005
     2331.80     0.0000000000E+000     0.0000000000E+000     0.6458557478E-005
     2335.80     0.0000000000E+000     0.0000000000E+000     0.8921776559E-005
     2339.80     0.0000000000E+000     0.0000000000E+000     0.9976443294E-005
     2343.80     0.0000000000E+000     0.0000000000E+000     0.9456048994E-005
     2347.80     0.0000000000E+000     0.0000000000E+000     0.7442752478E-005
     2351.80     0.0000000000E+000     0.0000000000E+000     0.4254408997E-005
     2355.80     0.0000000000E+000     0.0000000000E+000     0.3943878810E-006
     2359.80     0.0000000000E+000     0.0000000000E+000    -0.3527898409E-005
     2363.80     0.0000000000E+000     0.0000000000E+000    -0.6893207112E-005
     2367.80     0.0000000000E+000     0.0000000000E+000    -0.9170229980E-005
     2371.80     0.0000000000E+000     0.0000000000E+000    -0.9999475169E-005
     2375.80     0.0000000000E+000     0.0000000000E+000    -0.9250023097E-005
     2379.80     0.0000000000E+000     0.0000000000E+000    -0.7040195768E-005
     2383.80     0.0000000000E+000     0.0000000000E+000    -0.3718876327E-005
     2387.80     0.0000000000E+000     0.0000000000E+000     0.1895719153E-006
     2391.80     0.0000000000E+000     0.0000000000E+000     0.4068090921E-005
     2395.80     0.0000000000E+000     0.0000000000E+000     0.7304347819E-005
     2399.80     0.0000000000E+000     0.0000000000E+000     0.9387408804E-005
     2403.80     0.0000000000E+000     0.0000000000E+000     0.9988404350E-005
     2407.80     0.0000000000E+000     0.0000000000E+000     0.9012450474E-005
     2411.80     0.0000000000E+000     0.0000000000E+000     0.6613628834E-005
     2415.80     0.0000000000E+000     0.0000000000E+000     0.3170660622E-005
     2419.80     0.0000000000E+000     0.0000000000E+000    -0.7728851865E-006
     2423.80     0.0000000000E+000     0.0000000000E+000    -0.4594409418E-005
     2427.80     0.0000000000E+000     0.0000000000E+000    -0.7690577424E-005
     2431.80     0.0000000000E+000     0.0000000000E+000    -0.9572572356E-005
     2435.80     0.0000000000E+000     0.0000000000E+000    -0.9943268594E-005
     2439.80     0.0000000000E+000     0.0000000000E+000    -0.8744141354E-005
     2443.80     0.0000000000E+000     0.0000000000E+000    -0.6164506460E-005
     2447.80     0.0000000000E+000     0.0000000000E+000    -0.2611631542E-005
     2451.80     0.0000000000E+000     0.0000000000E+000     0.1353562573E-005
     2455.80     0.0000000000E+000     0.0000000000E+000     0.5105058919E-005
     2459.80     0.0000000000E+000     0.0000000000E+000     0.8050578712E-005
     2463.80     0.0000000000E+000     0.0000000000E+000     0.9725089142E-005
     2467.80     0.0000000000E+000     0.0000000000E+000     0.9864221833E-005
     2471.80     0.0000000000E+000     0.0000000000E+000     0.8446010790E-005
     2475.80     0.0000000000E+000     0.0000000000E+000     0.5694360355E-005
     2479.80     0.0000000000E+000     0.0000000000E+000     0.2043695627E-005
     2483.80     0.0000000000E+000     0.0000000000E+000    -0.1929623703E-005
     2487.80     0.0000000000E+000     0.0000000000E+000    -0.5598297880E-005
     2491.80     0.0000000000E+000     0.0000000000E+000    -0.8383123916E-005
     2495.80     0.0000000000E+000     0.0000000000E+000    -0.9844439015E-005
     2499.80     0.0000000000E+000     0.0000000000E+000    -0.9751533652E-005
     2503.80     0.0000000000E+000     0.0000000000E+000    -0.8119075543E-005
     2507.80     0.0000000000E+000     0.0000000000E+000    -0.5204793927E-005
     2511.80     0.0000000000E+000     0.0000000000E+000    -0.1468789794E-005
     2515.80     0.0000000000E+000     0.0000000000E+000     0.2499103952E-005
     2519.80     0.0000000000E+000     0.0000000000E+000     0.6072444134E-005
     2523.80     0.0000000000E+000     0.0000000000E+000     0.8687078909E-005
     2527.80     0.0000000000E+000     0.0000000000E+000     0.9930214935E-005
     2531.80     0.0000000000E+000     0.0000000000E+000     0.9605588369E-005
     2535.80     0.0000000000E+000     0.0000000000E+000     0.7764450607E-005
     2539.80     0.0000000000E+000     0.0000000000E+000     0.4697476819E-005
     2543.80     0.0000000000E+000     0.0000000000E+000     0.8888747291E-006
     2547.80     0.0000000000E+000     0.0000000000E+000    -0.3060061136E-005
     2551.80     0.0000000000E+000     0.0000000000E+000    -0.6525880632E-005
     2555.80     0.0000000000E+000     0.0000000000E+000    -0.8961407067E-005
     2559.80     0.0000000000E+000     0.0000000000E+000    -0.9982124370E-005
     2563.80     0.0000000000E+000     0.0000000000E+000    -0.9426883722E-005
     2567.80     0.0000000000E+000     0.0000000000E+000    -0.7383345413E-005
     2571.80     0.0000000000E+000     0.0000000000E+000    -0.4174139208E-005
     2575.80     0.0000000000E+000     0.0000000000E+000    -0.3059282028E-006
     2579.80     0.0000000000E+000     0.0000000000E+000     0.3610582139E-005
     2583.80     0.0000000000E+000     0.0000000000E+000     0.6957060950E-005
     2587.80     0.0000000000E+000     0.0000000000E+000     0.9205172809E-005
     2591.80     0.0000000000E+000     0.0000000000E+000     0.9999990285E-005
     2595.80     0.0000000000E+000     0.0000000000E+000     0.9216029175E-005
     2599.80     0.0000000000E+000     0.0000000000E+000     0.6977059700E-005
     2603.80     0.0000000000E+000     0.0000000000E+000     0.3636565910E-005
     2607.80     0.0000000000E+000     0.0000000000E+000    -0.2780616759E-006
     2611.80     0.0000000000E+000     0.0000000000E+000    -0.4148789437E-005
     2615.80     0.0000000000E+000     0.0000000000E+000    -0.7364514570E-005
     2619.80     0.0000000000E+000     0.0000000000E+000    -0.9417544784E-005
     2623.80     0.0000000000E+000     0.0000000000E+000    -0.9983751749E-005
     2627.80     0.0000000000E+000     0.0000000000E+000    -0.8973743835E-005
     2631.80     0.0000000000E+000     0.0000000000E+000    -0.6546979085E-005
     2635.80     0.0000000000E+000     0.0000000000E+000    -0.3086590292E-005
     2639.80     0.0000000000E+000     0.0000000000E+000     0.8611032396E-006
     2643.80     0.0000000000E+000     0.0000000000E+000     0.4672847504E-005
     2647.80     0.0000000000E+000     0.0000000000E+000     0.7746851894E-005
     2651.80     0.0000000000E+000     0.0000000000E+000     0.9597798708E-005
     2655.80     0.0000000000E+000     0.0000000000E+000     0.9933464142E-005
     2659.80     0.0000000000E+000     0.0000000000E+000     0.8700854006E-005
     2663.80     0.0000000000E+000     0.0000000000E+000     0.6094570336E-005
     2667.80     0.0000000000E+000     0.0000000000E+000     0.2526088018E-005
     2671.80     0.0000000000E+000     0.0000000000E+000    -0.1441208055E-005
     2675.80     0.0000000000E+000     0.0000000000E+000    -0.5180969065E-005
     2679.80     0.0000000000E+000     0.0000000000E+000    -0.8102768979E-005
     2683.80     0.0000000000E+000     0.0000000000E+000    -0.9745319835E-005
     2687.80     0.0000000000E+000     0.0000000000E+000    -0.9849298969E-005
     2691.80     0.0000000000E+000     0.0000000000E+000    -0.8398290362E-005
     2695.80     0.0000000000E+000     0.0000000000E+000    -0.5621376369E-005
     2699.80     0.0000000000E+000     0.0000000000E+000    -0.1956970650E-005
     2703.80     0.0000000000E+000     0.0000000000E+000     0.2016397705E-005
     2707.80     0.0000000000E+000     0.0000000000E+000     0.5671421199E-005
     2711.80     0.0000000000E+000     0.0000000000E+000     0.8431051988E-005
     2715.80     0.0000000000E+000     0.0000000000E+000     0.9859605051E-005
     2719.80     0.0000000000E+000     0.0000000000E+000     0.9731543269E-005
     2723.80     0.0000000000E+000     0.0000000000E+000     0.8067084782E-005
     2727.80     0.0000000000E+000     0.0000000000E+000     0.5129010988E-005
     2731.80     0.0000000000E+000     0.0000000000E+000     0.1381179135E-005
     2735.80     0.0000000000E+000     0.0000000000E+000    -0.2584710534E-005
     2739.80     0.0000000000E+000     0.0000000000E+000    -0.6142531243E-005
     2743.80     0.0000000000E+000     0.0000000000E+000    -0.8730581330E-005
     2747.80     0.0000000000E+000     0.0000000000E+000    -0.9940264593E-005
     2751.80     0.0000000000E+000     0.0000000000E+000    -0.9580598643E-005
     2755.80     0.0000000000E+000     0.0000000000E+000    -0.7708366826E-005
     2759.80     0.0000000000E+000     0.0000000000E+000    -0.4619153379E-005
     2763.80     0.0000000000E+000     0.0000000000E+000    -0.8006771794E-006
     2767.80     0.0000000000E+000     0.0000000000E+000     0.3144208342E-005
     2771.80     0.0000000000E+000     0.0000000000E+000     0.6592692501E-005
     2775.80     0.0000000000E+000     0.0000000000E+000     0.9000335474E-005
     2779.80     0.0000000000E+000     0.0000000000E+000     0.9987023375E-005
     2783.80     0.0000000000E+000     0.0000000000E+000     0.9396979880E-005
     2787.80     0.0000000000E+000     0.0000000000E+000     0.7323359883E-005
     2791.80     0.0000000000E+000     0.0000000000E+000     0.4093542386E-005
     2795.80     0.0000000000E+000     0.0000000000E+000     0.2174445559E-006
     2799.80     0.0000000000E+000     0.0000000000E+000    -0.3692982989E-005
     2803.80     0.0000000000E+000     0.0000000000E+000    -0.7020369721E-005
     2807.80     0.0000000000E+000     0.0000000000E+000    -0.9239394438E-005
     2811.80     0.0000000000E+000     0.0000000000E+000    -0.9999721929E-005
     2815.80     0.0000000000E+000     0.0000000000E+000    -0.9181313202E-005
     2819.80     0.0000000000E+000     0.0000000000E+000    -0.6913376999E-005
     2823.80     0.0000000000E+000     0.0000000000E+000    -0.3553970579E-005
     2827.80     0.0000000000E+000     0.0000000000E+000     0.3665296511E-006
     2831.80     0.0000000000E+000     0.0000000000E+000     0.4229162908E-005
     2835.80     0.0000000000E+000     0.0000000000E+000     0.7424104333E-005
     2839.80     0.0000000000E+000     0.0000000000E+000     0.9446942925E-005
     2843.80     0.0000000000E+000     0.0000000000E+000     0.9978316948E-005
     2847.80     0.0000000000E+000     0.0000000000E+000     0.8934334129E-005
     2851.80     0.0000000000E+000     0.0000000000E+000     0.6479816399E-005
     2855.80     0.0000000000E+000     0.0000000000E+000     0.3002278137E-005
     2859.80     0.0000000000E+000     0.0000000000E+000    -0.9492538276E-006
     2863.80     0.0000000000E+000     0.0000000000E+000    -0.4750919485E-005
     2867.80     0.0000000000E+000     0.0000000000E+000    -0.7802519420E-005
     2871.80     0.0000000000E+000     0.0000000000E+000    -0.9622273099E-005
     2875.80     0.0000000000E+000     0.0000000000E+000    -0.9922881431E-005
     2879.80     0.0000000000E+000     0.0000000000E+000    -0.8656884970E-005
     2883.80     0.0000000000E+000     0.0000000000E+000    -0.6024156719E-005
     2887.80     0.0000000000E+000     0.0000000000E+000    -0.2440346581E-005
     2891.80     0.0000000000E+000     0.0000000000E+000     0.1528740623E-005
     2895.80     0.0000000000E+000     0.0000000000E+000     0.5256473297E-005
     2899.80     0.0000000000E+000     0.0000000000E+000     0.8154324417E-005
     2903.80     0.0000000000E+000     0.0000000000E+000     0.9764787008E-005
     2907.80     0.0000000000E+000     0.0000000000E+000     0.9833604440E-005
     2911.80     0.0000000000E+000     0.0000000000E+000     0.8349911951E-005
     2915.80     0.0000000000E+000     0.0000000000E+000     0.5547951964E-005
     2919.80     0.0000000000E+000     0.0000000000E+000     0.1870092349E-005
     2923.80     0.0000000000E+000     0.0000000000E+000    -0.2103013727E-005
     2927.80     0.0000000000E+000     0.0000000000E+000    -0.5744100177E-005
     2931.80     0.0000000000E+000     0.0000000000E+000    -0.8478319511E-005
     2935.80     0.0000000000E+000     0.0000000000E+000    -0.9873998615E-005
     2939.80     0.0000000000E+000     0.0000000000E+000    -0.9710790447E-005
     2943.80     0.0000000000E+000     0.0000000000E+000    -0.8014461989E-005
     2947.80     0.0000000000E+000     0.0000000000E+000    -0.5052826204E-005
     2951.80     0.0000000000E+000     0.0000000000E+000    -0.1293460264E-005
     2955.80     0.0000000000E+000     0.0000000000E+000     0.2670114612E-005
     2959.80     0.0000000000E+000     0.0000000000E+000     0.6212137100E-005
     2963.80     0.0000000000E+000     0.0000000000E+000     0.8773399734E-005
     2967.80     0.0000000000E+000     0.0000000000E+000     0.9949535458E-005
     2971.80     0.0000000000E+000     0.0000000000E+000     0.9554858305E-005
     2975.80     0.0000000000E+000     0.0000000000E+000     0.7651679117E-005
     2979.80     0.0000000000E+000     0.0000000000E+000     0.4540468042E-005
     2983.80     0.0000000000E+000     0.0000000000E+000     0.7124168989E-006
     2987.80     0.0000000000E+000     0.0000000000E+000    -0.3228109208E-005
     2991.80     0.0000000000E+000     0.0000000000E+000    -0.6658987851E-005
     2995.80     0.0000000000E+000     0.0000000000E+000    -0.9038558729E-005
     2999.80     0.0000000000E+000     0.0000000000E+000    -0.9991139925E-005
     3003.80     0.0000000000E+000     0.0000000000E+000    -0.9366339811E-005
     3007.80     0.0000000000E+000     0.0000000000E+000    -0.7262800589E-005
     3011.80     0.0000000000E+000     0.0000000000E+000    -0.4012624848E-005
     3015.80     0.0000000000E+000     0.0000000000E+000    -0.1289438728E-006
     3019.80     0.0000000000E+000     0.0000000000E+000     0.3775094504E-005
     3023.80     0.0000000000E+000     0.0000000000E+000     0.7083128466E-005
     3027.80     0.0000000000E+000     0.0000000000E+000     0.9272892187E-005
     3031.80     0.0000000000E+000     0.0000000000E+000     0.9998670124E-005
     3035.80     0.0000000000E+000     0.0000000000E+000     0.9145877899E-005
     3039.80     0.0000000000E+000     0.0000000000E+000     0.6849152653E-005
     3043.80     0.0000000000E+000     0.0000000000E+000     0.3471096803E-005
     3047.80     0.0000000000E+000     0.0000000000E+000    -0.4549689097E-006
     3051.80     0.0000000000E+000     0.0000000000E+000    -0.4309205036E-005
     3055.80     0.0000000000E+000     0.0000000000E+000    -0.7483112437E-005
     3059.80     0.0000000000E+000     0.0000000000E+000    -0.9475600924E-005
     3063.80     0.0000000000E+000     0.0000000000E+000    -0.9972100374E-005
     3067.80     0.0000000000E+000     0.0000000000E+000    -0.8894224442E-005
     3071.80     0.0000000000E+000     0.0000000000E+000    -0.6412146036E-005
     3075.80     0.0000000000E+000     0.0000000000E+000    -0.2917730762E-005
     3079.80     0.0000000000E+000     0.0000000000E+000     0.1037330044E-005
     3083.80     0.0000000000E+000     0.0000000000E+000     0.4828619246E-005
     3087.80     0.0000000000E+000     0.0000000000E+000     0.7857575640E-005
     3091.80     0.0000000000E+000     0.0000000000E+000     0.9645993613E-005
     3095.80     0.0000000000E+000     0.0000000000E+000     0.9911521291E-005
     3099.80     0.0000000000E+000     0.0000000000E+000     0.8612237691E-005
     3103.80     0.0000000000E+000     0.0000000000E+000     0.5953271126E-005
     3107.80     0.0000000000E+000     0.0000000000E+000     0.2354413951E-005
     3111.80     0.0000000000E+000     0.0000000000E+000    -0.1616153418E-005
     3115.80     0.0000000000E+000     0.0000000000E+000    -0.5331565699E-005
     3119.80     0.0000000000E+000     0.0000000000E+000    -0.8205240986E-005
     3123.80     0.0000000000E+000     0.0000000000E+000    -0.9783489138E-005
     3127.80     0.0000000000E+000     0.0000000000E+000    -0.9817139475E-005
     3131.80     0.0000000000E+000     0.0000000000E+000    -0.8300879348E-005
     3135.80     0.0000000000E+000     0.0000000000E+000    -0.5474092892E-005
     3139.80     0.0000000000E+000     0.0000000000E+000    -0.1783067532E-005
     3143.80     0.0000000000E+000     0.0000000000E+000     0.2189464984E-005
     3147.80     0.0000000000E+000     0.0000000000E+000     0.5816329122E-005
     3151.80     0.0000000000E+000     0.0000000000E+000     0.8524922781E-005
     3155.80     0.0000000000E+000     0.0000000000E+000     0.9887618578E-005
     3159.80     0.0000000000E+000     0.0000000000E+000     0.9689276812E-005
     3163.80     0.0000000000E+000     0.0000000000E+000     0.7961211284E-005
     3167.80     0.0000000000E+000     0.0000000000E+000     0.4976245546E-005
     3171.80     0.0000000000E+000     0.0000000000E+000     0.1205640054E-005
     3175.80     0.0000000000E+000     0.0000000000E+000    -0.2755309493E-005
     3179.80     0.0000000000E+000     0.0000000000E+000    -0.6281256255E-005
     3183.80     0.0000000000E+000     0.0000000000E+000    -0.8815530766E-005
     3187.80     0.0000000000E+000     0.0000000000E+000    -0.9958026806E-005
     3191.80     0.0000000000E+000     0.0000000000E+000    -0.9528369370E-005
     3195.80     0.0000000000E+000     0.0000000000E+000    -0.7594391920E-005
     3199.80     0.0000000000E+000     0.0000000000E+000    -0.4461426972E-005
     3203.80     0.0000000000E+000     0.0000000000E+000    -0.6241008025E-006
     3207.80     0.0000000000E+000     0.0000000000E+000     0.3311757161E-005
     3211.80     0.0000000000E+000     0.0000000000E+000     0.6724761487E-005
     3215.80     0.0000000000E+000     0.0000000000E+000     0.9076073839E-005
     3219.80     0.0000000000E+000     0.0000000000E+000     0.9994473696E-005
     3223.80     0.0000000000E+000     0.0000000000E+000     0.9334965916E-005
     3227.80     0.0000000000E+000     0.0000000000E+000     0.7201672274E-005
     3231.80     0.0000000000E+000     0.0000000000E+000     0.3931392931E-005
     3235.80     0.0000000000E+000     0.0000000000E+000     0.4043308732E-007
     3239.80     0.0000000000E+000     0.0000000000E+000    -0.3856910252E-005
     3243.80     0.0000000000E+000     0.0000000000E+000    -0.7145332268E-005
     3247.80     0.0000000000E+000     0.0000000000E+000    -0.9305663430E-005
     3251.80     0.0000000000E+000     0.0000000000E+000    -0.9996834950E-005
     3255.80     0.0000000000E+000     0.0000000000E+000    -0.9109726042E-005
     3259.80     0.0000000000E+000     0.0000000000E+000    -0.6784391696E-005
     3263.80     0.0000000000E+000     0.0000000000E+000    -0.3387951077E-005
     3267.80     0.0000000000E+000     0.0000000000E+000     0.5433725228E-006
     3271.80     0.0000000000E+000     0.0000000000E+000     0.4388909549E-005
     3275.80     0.0000000000E+000     0.0000000000E+000     0.7541534261E-005
     3279.80     0.0000000000E+000     0.0000000000E+000     0.9503516536E-005
     3283.80     0.0000000000E+000     0.0000000000E+000     0.9965102514E-005
     3287.80     0.0000000000E+000     0.0000000000E+000     0.8853417917E-005
     3291.80     0.0000000000E+000     0.0000000000E+000     0.6343973301E-005
     3295.80     0.0000000000E+000     0.0000000000E+000     0.2832954791E-005
     3299.80     0.0000000000E+000     0.0000000000E+000    -0.1125324989E-005
     3303.80     0.0000000000E+000     0.0000000000E+000    -0.4905940697E-005
     3307.80     0.0000000000E+000     0.0000000000E+000    -0.7912016241E-005
     3311.80     0.0000000000E+000     0.0000000000E+000    -0.9668958389E-005
     3315.80     0.0000000000E+000     0.0000000000E+000    -0.9899384610E-005
     3319.80     0.0000000000E+000     0.0000000000E+000    -0.8566915668E-005
     3323.80     0.0000000000E+000     0.0000000000E+000    -0.5881919111E-005
     3327.80     0.0000000000E+000     0.0000000000E+000    -0.2268296859E-005
     3331.80     0.0000000000E+000     0.0000000000E+000     0.1703439592E-005
     3335.80     0.0000000000E+000     0.0000000000E+000     0.5406240387E-005
     3339.80     0.0000000000E+000     0.0000000000E+000     0.8255514697E-005
     3343.80     0.0000000000E+000     0.0000000000E+000     0.9801424759E-005
     3347.80     0.0000000000E+000     0.0000000000E+000     0.9799905365E-005
     3351.80     0.0000000000E+000     0.0000000000E+000     0.8251196394E-005
     3355.80     0.0000000000E+000     0.0000000000E+000     0.5399804940E-005
     3359.80     0.0000000000E+000     0.0000000000E+000     0.1695903017E-005
     3363.80     0.0000000000E+000     0.0000000000E+000    -0.2275744703E-005
     3367.80     0.0000000000E+000     0.0000000000E+000    -0.5888102373E-005
     3371.80     0.0000000000E+000     0.0000000000E+000    -0.8570858147E-005
     3375.80     0.0000000000E+000     0.0000000000E+000    -0.9900463875E-005
     3379.80     0.0000000000E+000     0.0000000000E+000    -0.9667004048E-005
     3383.80     0.0000000000E+000     0.0000000000E+000    -0.7907336841E-005
     3387.80     0.0000000000E+000     0.0000000000E+000    -0.4899275013E-005
     3391.80     0.0000000000E+000     0.0000000000E+000    -0.1117725386E-005
     3395.80     0.0000000000E+000     0.0000000000E+000     0.2840288503E-005
     3399.80     0.0000000000E+000     0.0000000000E+000     0.6349883290E-005
     3403.80     0.0000000000E+000     0.0000000000E+000     0.8856971127E-005
     3407.80     0.0000000000E+000     0.0000000000E+000     0.9965737969E-005
     3411.80     0.0000000000E+000     0.0000000000E+000     0.9501133913E-005
     3415.80     0.0000000000E+000     0.0000000000E+000     0.7536509724E-005
     3419.80     0.0000000000E+000     0.0000000000E+000     0.4382036361E-005
     3423.80     0.0000000000E+000     0.0000000000E+000     0.5357358095E-006
     3427.80     0.0000000000E+000     0.0000000000E+000    -0.3395145647E-005
     3431.80     0.0000000000E+000     0.0000000000E+000    -0.6790008258E-005
     3435.80     0.0000000000E+000     0.0000000000E+000    -0.9112877864E-005
     3439.80     0.0000000000E+000     0.0000000000E+000    -0.9997024429E-005
     3443.80     0.0000000000E+000     0.0000000000E+000    -0.9302860651E-005
     3447.80     0.0000000000E+000     0.0000000000E+000    -0.7139979728E-005
     3451.80     0.0000000000E+000     0.0000000000E+000    -0.3849853000E-005
     3455.80     0.0000000000E+000     0.0000000000E+000     0.4808086597E-007
     3459.80     0.0000000000E+000     0.0000000000E+000     0.3938423821E-005
     3463.80     0.0000000000E+000     0.0000000000E+000     0.7206976252E-005
     3467.80     0.0000000000E+000     0.0000000000E+000     0.9337705601E-005
     3471.80     0.0000000000E+000     0.0000000000E+000     0.9994216552E-005
     3475.80     0.0000000000E+000     0.0000000000E+000     0.9072860463E-005
     3479.80     0.0000000000E+000     0.0000000000E+000     0.6719099201E-005
     3483.80     0.0000000000E+000     0.0000000000E+000     0.3304539914E-005
     3487.80     0.0000000000E+000     0.0000000000E+000    -0.6317335642E-006
     3491.80     0.0000000000E+000     0.0000000000E+000    -0.4468270204E-005
     3495.80     0.0000000000E+000     0.0000000000E+000    -0.7599365226E-005
     3499.80     0.0000000000E+000     0.0000000000E+000    -0.9530687575E-005
     3503.80     0.0000000000E+000     0.0000000000E+000    -0.9957323916E-005
     3507.80     0.0000000000E+000     0.0000000000E+000    -0.8811917752E-005
     3511.80     0.0000000000E+000     0.0000000000E+000    -0.6275303532E-005
     3515.80     0.0000000000E+000     0.0000000000E+000    -0.2747956866E-005
     3519.80     0.0000000000E+000     0.0000000000E+000     0.1213231768E-005
     3523.80     0.0000000000E+000     0.0000000000E+000     0.4982877781E-005
     3527.80     0.0000000000E+000     0.0000000000E+000     0.7965836957E-005
     3531.80     0.0000000000E+000     0.0000000000E+000     0.9691165630E-005
     3535.80     0.0000000000E+000     0.0000000000E+000     0.9886472340E-005
     3539.80     0.0000000000E+000     0.0000000000E+000     0.8520922450E-005
     3543.80     0.0000000000E+000     0.0000000000E+000     0.5810106264E-005
     3547.80     0.0000000000E+000     0.0000000000E+000     0.2182002052E-005
     3551.80     0.0000000000E+000     0.0000000000E+000    -0.1790592307E-005
     3555.80     0.0000000000E+000     0.0000000000E+000    -0.5480491512E-005
     3559.80     0.0000000000E+000     0.0000000000E+000    -0.8305141612E-005
     3563.80     0.0000000000E+000     0.0000000000E+000    -0.9818592465E-005
     3567.80     0.0000000000E+000     0.0000000000E+000    -0.9781903460E-005
     3571.80     0.0000000000E+000     0.0000000000E+000    -0.8200866982E-005
     3575.80     0.0000000000E+000     0.0000000000E+000    -0.5325093929E-005
     3579.80     0.0000000000E+000     0.0000000000E+000    -0.1608605633E-005
     3583.80     0.0000000000E+000     0.0000000000E+000     0.2361846123E-005
     3587.80     0.0000000000E+000     0.0000000000E+000     0.5959414308E-005
     3591.80     0.0000000000E+000     0.0000000000E+000     0.8616122010E-005
     3595.80     0.0000000000E+000     0.0000000000E+000     0.9912533497E-005
     3599.80     0.0000000000E+000     0.0000000000E+000     0.9643973902E-005
     3603.80     0.0000000000E+000     0.0000000000E+000     0.7852842880E-005
     3607.80     0.0000000000E+000     0.0000000000E+000     0.4821920635E-005
     3611.80     0.0000000000E+000     0.0000000000E+000     0.1029723147E-005
     3615.80     0.0000000000E+000     0.0000000000E+000    -0.2925044985E-005
     3619.80     0.0000000000E+000     0.0000000000E+000    -0.6418012830E-005
     3623.80     0.0000000000E+000     0.0000000000E+000    -0.8897717568E-005
     3627.80     0.0000000000E+000     0.0000000000E+000    -0.9972668345E-005
     3631.80     0.0000000000E+000     0.0000000000E+000    -0.9473154070E-005
     3635.80     0.0000000000E+000     0.0000000000E+000    -0.7478037063E-005
     3639.80     0.0000000000E+000     0.0000000000E+000    -0.4302302430E-005
     3643.80     0.0000000000E+000     0.0000000000E+000    -0.4473288432E-006
     3647.80     0.0000000000E+000     0.0000000000E+000     0.3478268132E-005
     3651.80     0.0000000000E+000     0.0000000000E+000     0.6854723050E-005
     3655.80     0.0000000000E+000     0.0000000000E+000     0.9148967920E-005
     3659.80     0.0000000000E+000     0.0000000000E+000     0.9998791922E-005
     3663.80     0.0000000000E+000     0.0000000000E+000     0.9270026534E-005
     3667.80     0.0000000000E+000     0.0000000000E+000     0.7077727785E-005
     3671.80     0.0000000000E+000     0.0000000000E+000     0.3768011445E-005
     3675.80     0.0000000000E+000     0.0000000000E+000    -0.1365910523E-006
     3679.80     0.0000000000E+000     0.0000000000E+000    -0.4019628825E-005
     3683.80     0.0000000000E+000     0.0000000000E+000    -0.7268055591E-005
     3687.80     0.0000000000E+000     0.0000000000E+000    -0.9369016188E-005
     3691.80     0.0000000000E+000     0.0000000000E+000    -0.9990815135E-005
     3695.80     0.0000000000E+000     0.0000000000E+000    -0.9035284051E-005
     3699.80     0.0000000000E+000     0.0000000000E+000    -0.6653280283E-005
     3703.80     0.0000000000E+000     0.0000000000E+000    -0.3220869850E-005
     3707.80     0.0000000000E+000     0.0000000000E+000     0.7200451110E-006
     3711.80     0.0000000000E+000     0.0000000000E+000     0.4547280782E-005
     3715.80     0.0000000000E+000     0.0000000000E+000     0.7656600803E-005
     3719.80     0.0000000000E+000     0.0000000000E+000     0.9557111910E-005
     3723.80     0.0000000000E+000     0.0000000000E+000     0.9948765189E-005
     3727.80     0.0000000000E+000     0.0000000000E+000     0.8769727198E-005
     3731.80     0.0000000000E+000     0.0000000000E+000     0.6206142111E-005
     3735.80     0.0000000000E+000     0.0000000000E+000     0.2662743646E-005
     3739.80     0.0000000000E+000     0.0000000000E+000    -0.1301043493E-005
     3743.80     0.0000000000E+000     0.0000000000E+000    -0.5059424471E-005
     3747.80     0.0000000000E+000     0.0000000000E+000    -0.8019033572E-005
     3751.80     0.0000000000E+000     0.0000000000E+000    -0.9712613595E-005
     3755.80     0.0000000000E+000     0.0000000000E+000    -0.9872785492E-005
     3759.80     0.0000000000E+000     0.0000000000E+000    -0.8474261642E-005
     3763.80     0.0000000000E+000     0.0000000000E+000    -0.5737838212E-005
     3767.80     0.0000000000E+000     0.0000000000E+000    -0.2095536291E-005
     3771.80     0.0000000000E+000     0.0000000000E+000     0.1877604733E-005
     3775.80     0.0000000000E+000     0.0000000000E+000     0.5554313255E-005
     3779.80     0.0000000000E+000     0.0000000000E+000     0.8354117842E-005
     3783.80     0.0000000000E+000     0.0000000000E+000     0.9834990912E-005
     3787.80     0.0000000000E+000     0.0000000000E+000     0.9763135169E-005
     3791.80     0.0000000000E+000     0.0000000000E+000     0.8149895055E-005
     3795.80     0.0000000000E+000     0.0000000000E+000     0.5249965711E-005
     3799.80     0.0000000000E+000     0.0000000000E+000     0.1521182218E-005
     3803.80     0.0000000000E+000     0.0000000000E+000    -0.2447762499E-005
     3807.80     0.0000000000E+000     0.0000000000E+000    -0.6030259340E-005
     3811.80     0.0000000000E+000     0.0000000000E+000    -0.8660710824E-005
     3815.80     0.0000000000E+000     0.0000000000E+000    -0.9923826501E-005
     3819.80     0.0000000000E+000     0.0000000000E+000    -0.9620188178E-005
     3823.80     0.0000000000E+000     0.0000000000E+000    -0.7797733671E-005
     3827.80     0.0000000000E+000     0.0000000000E+000    -0.4744188474E-005
     3831.80     0.0000000000E+000     0.0000000000E+000    -0.9416402317E-006
     3835.80     0.0000000000E+000     0.0000000000E+000     0.3009572298E-005
     3839.80     0.0000000000E+000     0.0000000000E+000     0.6485639536E-005
     3843.80     0.0000000000E+000     0.0000000000E+000     0.8937766898E-005
     3847.80     0.0000000000E+000     0.0000000000E+000     0.9978817390E-005
     3851.80     0.0000000000E+000     0.0000000000E+000     0.9444432031E-005
     3855.80     0.0000000000E+000     0.0000000000E+000     0.7418978518E-005
     3859.80     0.0000000000E+000     0.0000000000E+000     0.4222231426E-005
     3863.80     0.0000000000E+000     0.0000000000E+000     0.3588868299E-006
     3867.80     0.0000000000E+000     0.0000000000E+000    -0.3561118105E-005
     3871.80     0.0000000000E+000     0.0000000000E+000    -0.6918900794E-005
     3875.80     0.0000000000E+000     0.0000000000E+000    -0.9184341180E-005
     3879.80     0.0000000000E+000     0.0000000000E+000    -0.9999776038E-005
     3883.80     0.0000000000E+000     0.0000000000E+000    -0.9236466136E-005
     3887.80     0.0000000000E+000     0.0000000000E+000    -0.7014921322E-005
     3891.80     0.0000000000E+000     0.0000000000E+000    -0.3685874676E-005
     3895.80     0.0000000000E+000     0.0000000000E+000     0.2250905370E-006
     3899.80     0.0000000000E+000     0.0000000000E+000     0.4100518903E-005
     3903.80     0.0000000000E+000     0.0000000000E+000     0.7328565497E-005
     3907.80     0.0000000000E+000     0.0000000000E+000     0.9399592739E-005
     3911.80     0.0000000000E+000     0.0000000000E+000     0.9986630966E-005
     3915.80     0.0000000000E+000     0.0000000000E+000     0.8996999750E-005
     3919.80     0.0000000000E+000     0.0000000000E+000     0.6586940099E-005
     3923.80     0.0000000000E+000     0.0000000000E+000     0.3136947440E-005
     3927.80     0.0000000000E+000     0.0000000000E+000    -0.8083002442E-006
     3931.80     0.0000000000E+000     0.0000000000E+000    -0.4625935093E-005
     3935.80     0.0000000000E+000     0.0000000000E+000    -0.7713236506E-005
     3939.80     0.0000000000E+000     0.0000000000E+000    -0.9582787473E-005
     3943.80     0.0000000000E+000     0.0000000000E+000    -0.9939427004E-005
     3947.80     0.0000000000E+000     0.0000000000E+000    -0.8726849560E-005
     3951.80     0.0000000000E+000     0.0000000000E+000    -0.6136494456E-005
     3955.80     0.0000000000E+000     0.0000000000E+000    -0.2577321807E-005
     3959.80     0.0000000000E+000     0.0000000000E+000     0.1388753285E-005
     3963.80     0.0000000000E+000     0.0000000000E+000     0.5135574770E-005
     3967.80     0.0000000000E+000     0.0000000000E+000     0.8071601919E-005
     3971.80     0.0000000000E+000     0.0000000000E+000     0.9733300604E-005
     3975.80     0.0000000000E+000     0.0000000000E+000     0.9858325139E-005
     3979.80     0.0000000000E+000     0.0000000000E+000     0.8426936900E-005
     3983.80     0.0000000000E+000     0.0000000000E+000     0.5665120616E-005
     3987.80     0.0000000000E+000     0.0000000000E+000     0.2008906351E-005
     3991.80     0.0000000000E+000     0.0000000000E+000    -0.1964470055E-005
     3995.80     0.0000000000E+000     0.0000000000E+000    -0.5627699833E-005
     3999.80     0.0000000000E+000     0.0000000000E+000    -0.8402439550E-005
