      20        3.8000     -0.1648904058E-15     -0.4975306017E-16     -0.3708192276E+01
      40        7.8000     -0.2112133783E-14     -0.6359543566E-15     -0.3708149300E+01
      60       11.8000     -0.6670089573E-14     -0.1999862438E-14     -0.3708091128E+01
      80       15.8000     -0.1014935773E-13     -0.3018777465E-14     -0.3708069753E+01
     100       19.8000     -0.8234457456E-14     -0.2407342707E-14     -0.3708099944E+01
     120       23.8000     -0.2050800011E-14     -0.5481322978E-15     -0.3708148156E+01
     140       27.8000      0.2854616762E-14      0.8684077226E-15     -0.3708181934E+01
     160       31.8000      0.2519204572E-14      0.6958606624E-15     -0.3708202019E+01
     180       35.8000     -0.2317842991E-14     -0.7706687897E-15     -0.3708226817E+01
     200       39.8000     -0.7743145713E-14     -0.2337817396E-14     -0.3708265430E+01
     220       43.8000     -0.9851936296E-14     -0.2890468597E-14     -0.3708306664E+01
     240       47.8000     -0.7485557677E-14     -0.2148656086E-14     -0.3708324644E+01
     260       51.8000     -0.2851441680E-14     -0.7885039201E-15     -0.3708301782E+01
     280       55.8000      0.7366735703E-15      0.2314721813E-15     -0.3708253232E+01
     300       59.8000      0.1392054092E-14      0.3821693360E-15     -0.3708214422E+01
     320       63.8000     -0.1033082915E-14     -0.3675678946E-15     -0.3708195735E+01
     340       67.8000     -0.5313282245E-14     -0.1645580666E-14     -0.3708170649E+01
     360       71.8000     -0.8668661867E-14     -0.2609171067E-14     -0.3708123487E+01
     380       75.8000     -0.8272352064E-14     -0.2417467182E-14     -0.3708083729E+01
     400       79.8000     -0.4304830041E-14     -0.1169522124E-14     -0.3708087292E+01
     420       83.8000     -0.1131327966E-15      0.7296338998E-16     -0.3708123851E+01
     440       87.8000      0.1295084077E-14      0.3980836523E-15     -0.3708154593E+01
     460       91.8000     -0.4704878660E-15     -0.2449247917E-15     -0.3708170243E+01
     480       95.8000     -0.4092205503E-14     -0.1365232636E-14     -0.3708197339E+01
     500       99.8000     -0.7568735195E-14     -0.2323245987E-14     -0.3708249156E+01
     520      103.8000     -0.8556738514E-14     -0.2477977028E-14     -0.3708301002E+01
     540      107.8000     -0.5985367511E-14     -0.1624772095E-14     -0.3708320580E+01
     560      111.8000     -0.1575543582E-14     -0.3461714085E-15     -0.3708302834E+01
     580      115.8000      0.1454950778E-14      0.4371774111E-15     -0.3708268809E+01
     600      119.8000      0.9044678557E-15      0.1702307295E-15     -0.3708241898E+01
     620      123.8000     -0.3244768821E-14     -0.1087564239E-14     -0.3708226551E+01
     640      127.8000     -0.8346857689E-14     -0.2556023169E-14     -0.3708203857E+01
     660      131.8000     -0.9832177892E-14     -0.2913091555E-14     -0.3708154879E+01
     680      135.8000     -0.5457440719E-14     -0.1528948637E-14     -0.3708094949E+01
     700      139.8000      0.7666993027E-15      0.3568756815E-15     -0.3708068974E+01
     720      143.8000      0.2283680040E-14      0.7574130250E-15     -0.3708097870E+01
     740      147.8000     -0.1873611568E-14     -0.5889794334E-15     -0.3708146949E+01
     760      151.8000     -0.6277413859E-14     -0.1982926981E-14     -0.3708170457E+01
     780      155.8000     -0.6801632807E-14     -0.2134918550E-14     -0.3708173292E+01
     800      159.8000     -0.4961350599E-14     -0.1511063755E-14     -0.3708198390E+01
     820      163.8000     -0.3715625749E-14     -0.1050490175E-14     -0.3708258856E+01
     840      167.8000     -0.3171495118E-14     -0.8328239574E-15     -0.3708315337E+01
     860      171.8000     -0.2266642729E-14     -0.5688841209E-15     -0.3708326480E+01
     880      175.8000     -0.1609006542E-14     -0.4459923694E-15     -0.3708295963E+01
     900      179.8000     -0.2543582174E-14     -0.8278397079E-15     -0.3708258253E+01
     920      183.8000     -0.4809436588E-14     -0.1559177340E-14     -0.3708235037E+01
     940      187.8000     -0.6411789181E-14     -0.1991826025E-14     -0.3708217986E+01
     960      191.8000     -0.5607769710E-14     -0.1640124918E-14     -0.3708186878E+01
     980      195.8000     -0.2934207041E-14     -0.7619622409E-15     -0.3708137415E+01
    1000      199.8000     -0.1016872660E-14     -0.2047292773E-15     -0.3708092183E+01
    1020      203.8000     -0.1658906428E-14     -0.4753766935E-15     -0.3708081088E+01
    1040      207.8000     -0.3688879219E-14     -0.1143425594E-14     -0.3708107438E+01
    1060      211.8000     -0.4852166899E-14     -0.1496773401E-14     -0.3708142838E+01
    1080      215.8000     -0.4767620562E-14     -0.1448794495E-14     -0.3708164628E+01
    1100      219.8000     -0.4343391229E-14     -0.1305733886E-14     -0.3708185489E+01
    1120      223.8000     -0.3683440690E-14     -0.1095236893E-14     -0.3708228604E+01
    1140      227.8000     -0.2720447403E-14     -0.7809528289E-15     -0.3708283886E+01
    1160      231.8000     -0.2485447920E-14     -0.6839620356E-15     -0.3708314129E+01
    1180      235.8000     -0.3519900708E-14     -0.9975906898E-15     -0.3708303992E+01
    1200      239.8000     -0.4446848895E-14     -0.1317511698E-14     -0.3708278053E+01
    1220      243.8000     -0.4079441480E-14     -0.1258633622E-14     -0.3708262603E+01
    1240      247.8000     -0.3368200969E-14     -0.1064431279E-14     -0.3708249931E+01
    1260      251.8000     -0.3583273750E-14     -0.1099134487E-14     -0.3708214884E+01
    1280      255.8000     -0.4249319812E-14     -0.1245218818E-14     -0.3708155706E+01
    1300      259.8000     -0.4230901733E-14     -0.1207621267E-14     -0.3708102786E+01
    1320      263.8000     -0.3327803905E-14     -0.9463009061E-15     -0.3708086808E+01
    1340      267.8000     -0.2142945516E-14     -0.6182292378E-15     -0.3708106553E+01
    1360      271.8000     -0.1819688714E-14     -0.5363024094E-15     -0.3708132722E+01
    1380      275.8000     -0.3502949991E-14     -0.1048584368E-14     -0.3708143483E+01
    1400      279.8000     -0.6222350623E-14     -0.1884085688E-14     -0.3708151428E+01
    1420      283.8000     -0.6612381219E-14     -0.2022253488E-14     -0.3708186755E+01
    1440      287.8000     -0.3309622265E-14     -0.1018587142E-14     -0.3708252622E+01
    1460      291.8000      0.1009261252E-16      0.3056898309E-16     -0.3708310477E+01
    1480      295.8000     -0.8630181265E-15     -0.1780847176E-15     -0.3708320970E+01
    1500      299.8000     -0.4697468552E-14     -0.1319629815E-14     -0.3708290560E+01
    1520      303.8000     -0.6741507834E-14     -0.1977267917E-14     -0.3708260961E+01
    1540      307.8000     -0.5308346435E-14     -0.1619845486E-14     -0.3708254427E+01
    1560      311.8000     -0.3036484693E-14     -0.9972820894E-15     -0.3708247869E+01
    1580      315.8000     -0.2368758596E-14     -0.7984696297E-15     -0.3708208514E+01
    1600      319.8000     -0.2874787979E-14     -0.8764529257E-15     -0.3708141818E+01
    1620      323.8000     -0.3106073728E-14     -0.8377135044E-15     -0.3708089737E+01
    1640      327.8000     -0.2971893966E-14     -0.7397705651E-15     -0.3708083676E+01
    1660      331.8000     -0.3536643262E-14     -0.9565607502E-15     -0.3708111562E+01
    1680      335.8000     -0.5012466167E-14     -0.1517249220E-14     -0.3708137694E+01
    1700      339.8000     -0.5715208399E-14     -0.1822679713E-14     -0.3708148177E+01
    1720      343.8000     -0.4042402680E-14     -0.1328024039E-14     -0.3708164395E+01
    1740      347.8000     -0.1350297352E-14     -0.4524128426E-15     -0.3708208610E+01
    1760      351.8000     -0.8792863297E-15     -0.2194902401E-15     -0.3708268270E+01
    1780      355.8000     -0.3309463848E-14     -0.8727748427E-15     -0.3708307195E+01
    1800      359.8000     -0.5757812286E-14     -0.1576240377E-14     -0.3708308092E+01
    1820      363.8000     -0.5924116957E-14     -0.1674115420E-14     -0.3708288795E+01
    1840      367.8000     -0.4546695340E-14     -0.1391085504E-14     -0.3708273036E+01
    1860      371.8000     -0.3028002753E-14     -0.1071167663E-14     -0.3708258932E+01
    1880      375.8000     -0.1723608944E-14     -0.7035052685E-15     -0.3708227111E+01
    1900      379.8000     -0.1418822575E-14     -0.4805509135E-15     -0.3708173559E+01
    1920      383.8000     -0.3204879599E-14     -0.8196529074E-15     -0.3708121713E+01
    1940      387.8000     -0.5852719965E-14     -0.1503708841E-14     -0.3708098697E+01
    1960      391.8000     -0.6339016587E-14     -0.1712518534E-14     -0.3708105783E+01
    1980      395.8000     -0.3950688800E-14     -0.1188762377E-14     -0.3708119665E+01
    2000      399.8000     -0.1363702983E-14     -0.5972699278E-15     -0.3708124620E+01
    2020      403.8000     -0.1123979493E-14     -0.5700810025E-15     -0.3708135560E+01
    2040      407.8000     -0.3100759729E-14     -0.1038412059E-14     -0.3708177811E+01
    2060      411.8000     -0.5359663581E-14     -0.1513514421E-14     -0.3708245415E+01
    2080      415.8000     -0.5889435275E-14     -0.1530068649E-14     -0.3708297037E+01
    2100      419.8000     -0.4115058050E-14     -0.1001543305E-14     -0.3708303221E+01
    2120      423.8000     -0.1955363294E-14     -0.4951288108E-15     -0.3708282711E+01
    2140      427.8000     -0.2063638187E-14     -0.7231093469E-15     -0.3708274200E+01
    2160      431.8000     -0.4139043400E-14     -0.1478786601E-14     -0.3708281473E+01
    2180      435.8000     -0.5103893441E-14     -0.1746200936E-14     -0.3708269665E+01
    2200      439.8000     -0.3770559702E-14     -0.1166491758E-14     -0.3708216341E+01
    2220      443.8000     -0.2548913839E-14     -0.5741415444E-15     -0.3708145090E+01
    2240      447.8000     -0.3332408407E-14     -0.6954675441E-15     -0.3708099730E+01
    2260      451.8000     -0.4578580066E-14     -0.1154476382E-14     -0.3708097656E+01
    2280      455.8000     -0.4123840092E-14     -0.1249564212E-14     -0.3708117820E+01
    2300      459.8000     -0.2603151491E-14     -0.1016258337E-14     -0.3708129689E+01
    2320      463.8000     -0.2300044108E-14     -0.9875869891E-15     -0.3708128389E+01
    2340      467.8000     -0.3832694193E-14     -0.1299207454E-14     -0.3708140068E+01
    2360      471.8000     -0.5307420945E-14     -0.1473048496E-14     -0.3708188945E+01
    2380      475.8000     -0.4656739956E-14     -0.1071086261E-14     -0.3708259820E+01
    2400      479.8000     -0.2448909775E-14     -0.4188442987E-15     -0.3708306563E+01
    2420      483.8000     -0.1619862236E-14     -0.4019729721E-15     -0.3708305269E+01
    2440      487.8000     -0.3576990581E-14     -0.1275385665E-14     -0.3708282539E+01
    2460      491.8000     -0.5781925342E-14     -0.2063737689E-14     -0.3708274918E+01
    2480      495.8000     -0.5189040873E-14     -0.1769227080E-14     -0.3708276211E+01
    2500      499.8000     -0.2776716969E-14     -0.7890768785E-15     -0.3708251010E+01
    2520      503.8000     -0.1827941699E-14     -0.2913861555E-15     -0.3708192178E+01
    2540      507.8000     -0.2939079652E-14     -0.5743944788E-15     -0.3708134396E+01
    2560      511.8000     -0.4067776816E-14     -0.1035484362E-14     -0.3708108180E+01
    2580      515.8000     -0.4397645360E-14     -0.1361559190E-14     -0.3708107221E+01
    2600      519.8000     -0.4582382944E-14     -0.1628171470E-14     -0.3708109965E+01
    2620      523.8000     -0.4206287053E-14     -0.1571546603E-14     -0.3708112731E+01
    2640      527.8000     -0.2629505013E-14     -0.9336028615E-15     -0.3708129308E+01
    2660      531.8000     -0.1452985507E-14     -0.2873385987E-15     -0.3708169184E+01
    2680      535.8000     -0.2705366969E-14     -0.4514477686E-15     -0.3708224222E+01
    2700      539.8000     -0.5281111932E-14     -0.1257915215E-14     -0.3708271640E+01
    2720      543.8000     -0.6119761472E-14     -0.1769980371E-14     -0.3708291460E+01
    2740      547.8000     -0.4344585240E-14     -0.1537483032E-14     -0.3708288026E+01
    2760      551.8000     -0.2023578437E-14     -0.9670378132E-15     -0.3708286104E+01
    2780      555.8000     -0.1442901820E-14     -0.6586374986E-15     -0.3708293713E+01
    2800      559.8000     -0.3020540780E-14     -0.8374773244E-15     -0.3708282546E+01
    2820      563.8000     -0.5157506780E-14     -0.1232069926E-14     -0.3708227558E+01
    2840      567.8000     -0.5589862139E-14     -0.1327562311E-14     -0.3708154175E+01
    2860      571.8000     -0.3865022241E-14     -0.9990995958E-15     -0.3708114402E+01
    2880      575.8000     -0.2201616637E-14     -0.7780981386E-15     -0.3708119049E+01
    2900      579.8000     -0.2558626397E-14     -0.1072667241E-14     -0.3708127984E+01
    2920      583.8000     -0.3846883215E-14     -0.1441357701E-14     -0.3708113344E+01
    2940      587.8000     -0.3941030237E-14     -0.1259087511E-14     -0.3708099346E+01
    2960      591.8000     -0.3171633438E-14     -0.7571397189E-15     -0.3708124257E+01
    2980      595.8000     -0.3404642843E-14     -0.6708491907E-15     -0.3708187554E+01
    3000      599.8000     -0.4634213899E-14     -0.1106630893E-14     -0.3708252661E+01
    3020      603.8000     -0.4929427807E-14     -0.1447689288E-14     -0.3708287515E+01
    3040      607.8000     -0.3427071321E-14     -0.1268064757E-14     -0.3708289589E+01
    3060      611.8000     -0.1676587117E-14     -0.8473756296E-15     -0.3708280645E+01
    3080      615.8000     -0.1910264132E-14     -0.7816492268E-15     -0.3708282796E+01
    3100      619.8000     -0.4402492206E-14     -0.1242356441E-14     -0.3708291250E+01
    3120      623.8000     -0.6552168446E-14     -0.1640167751E-14     -0.3708274014E+01
    3140      627.8000     -0.5475257886E-14     -0.1278579015E-14     -0.3708213733E+01
    3160      631.8000     -0.2041347050E-14     -0.4544029892E-15     -0.3708142234E+01
    3180      635.8000     -0.4472999590E-15     -0.2929209138E-15     -0.3708108269E+01
    3200      639.8000     -0.2586145869E-14     -0.1134661198E-14     -0.3708115026E+01
    3220      643.8000     -0.5389521931E-14     -0.1906458455E-14     -0.3708121675E+01
    3240      647.8000     -0.5549938457E-14     -0.1671204211E-14     -0.3708109242E+01
    3260      651.8000     -0.3916548789E-14     -0.9034474228E-15     -0.3708108325E+01
    3280      655.8000     -0.2904666104E-14     -0.5213915433E-15     -0.3708147975E+01
    3300      659.8000     -0.2665216183E-14     -0.5939197847E-15     -0.3708210067E+01
    3320      663.8000     -0.2519344773E-14     -0.7971772078E-15     -0.3708256275E+01
    3340      667.8000     -0.3220037764E-14     -0.1207885418E-14     -0.3708276462E+01
    3360      671.8000     -0.4946463480E-14     -0.1775169326E-14     -0.3708287209E+01
    3380      675.8000     -0.5640142473E-14     -0.1847928332E-14     -0.3708298168E+01
    3400      679.8000     -0.3986212771E-14     -0.1097021015E-14     -0.3708300726E+01
    3420      683.8000     -0.1915770684E-14     -0.2616665848E-15     -0.3708282059E+01
    3440      687.8000     -0.1952688732E-14     -0.2583770816E-15     -0.3708238520E+01
    3460      691.8000     -0.3789683820E-14     -0.1020821146E-14     -0.3708182675E+01
    3480      695.8000     -0.5132639826E-14     -0.1714735865E-14     -0.3708140244E+01
    3500      699.8000     -0.4669583152E-14     -0.1735576236E-14     -0.3708126140E+01
    3520      703.8000     -0.3178379399E-14     -0.1202762142E-14     -0.3708123396E+01
    3540      707.8000     -0.2414487979E-14     -0.7082975429E-15     -0.3708107031E+01
    3560      711.8000     -0.3152998222E-14     -0.6748513035E-15     -0.3708089282E+01
    3580      715.8000     -0.4170746368E-14     -0.9101757741E-15     -0.3708110865E+01
    3600      719.8000     -0.3916287165E-14     -0.9885181640E-15     -0.3708178527E+01
    3620      723.8000     -0.3029245860E-14     -0.9878464941E-15     -0.3708244423E+01
    3640      727.8000     -0.3389805961E-14     -0.1290271122E-14     -0.3708266847E+01
    3660      731.8000     -0.4721647360E-14     -0.1687892351E-14     -0.3708262832E+01
    3680      735.8000     -0.4714473379E-14     -0.1498931833E-14     -0.3708274472E+01
    3700      739.8000     -0.2904362710E-14     -0.7150045876E-15     -0.3708304445E+01
    3720      743.8000     -0.1726548194E-14     -0.2231237103E-15     -0.3708314865E+01
    3740      747.8000     -0.2940903197E-14     -0.6338512883E-15     -0.3708280075E+01
    3760      751.8000     -0.5203375113E-14     -0.1509453750E-14     -0.3708215592E+01
    3780      755.8000     -0.5910185369E-14     -0.1942925609E-14     -0.3708157722E+01
    3800      759.8000     -0.4104509289E-14     -0.1504727252E-14     -0.3708130158E+01
    3820      763.8000     -0.1445587601E-14     -0.6230910611E-15     -0.3708127610E+01
    3840      767.8000     -0.8799520369E-15     -0.2358969085E-15     -0.3708124304E+01
    3860      771.8000     -0.3461766341E-14     -0.8028653381E-15     -0.3708105638E+01
    3880      775.8000     -0.6348889680E-14     -0.1607069187E-14     -0.3708093456E+01
    3900      779.8000     -0.5905580977E-14     -0.1600509493E-14     -0.3708123214E+01
    3920      783.8000     -0.2801024427E-14     -0.9087509097E-15     -0.3708191736E+01
    3940      787.8000     -0.1155324926E-14     -0.6110574499E-15     -0.3708251931E+01
    3960      791.8000     -0.2540339142E-14     -0.1032904342E-14     -0.3708271644E+01
    3980      795.8000     -0.4395831636E-14     -0.1387250432E-14     -0.3708271988E+01
    4000      799.8000     -0.4726916228E-14     -0.1224397795E-14     -0.3708286943E+01
    4020      803.8000     -0.4422554068E-14     -0.1014699872E-14     -0.3708308378E+01
    4040      807.8000     -0.4237757808E-14     -0.1064296545E-14     -0.3708300264E+01
    4060      811.8000     -0.3395527411E-14     -0.1037596400E-14     -0.3708253880E+01
    4080      815.8000     -0.2162118624E-14     -0.8439093141E-15     -0.3708198615E+01
    4100      819.8000     -0.2336944158E-14     -0.9259488408E-15     -0.3708161367E+01
    4120      823.8000     -0.4131221157E-14     -0.1356975907E-14     -0.3708140096E+01
    4140      827.8000     -0.5345614953E-14     -0.1546545428E-14     -0.3708120093E+01
    4160      831.8000     -0.4519194113E-14     -0.1146768895E-14     -0.3708099047E+01
    4180      835.8000     -0.2819749642E-14     -0.5980773954E-15     -0.3708090948E+01
    4200      839.8000     -0.2206994124E-14     -0.5302194659E-15     -0.3708111954E+01
    4220      843.8000     -0.3088181666E-14     -0.1004731969E-14     -0.3708161350E+01
    4240      847.8000     -0.4186854874E-14     -0.1493157245E-14     -0.3708214565E+01
    4260      851.8000     -0.4219322772E-14     -0.1487398160E-14     -0.3708244848E+01
    4280      855.8000     -0.3544647806E-14     -0.1101066717E-14     -0.3708255596E+01
    4300      859.8000     -0.3612220096E-14     -0.9038698898E-15     -0.3708274998E+01
    4320      863.8000     -0.4432355061E-14     -0.1055161927E-14     -0.3708309769E+01
    4340      867.8000     -0.4168501144E-14     -0.1065367168E-14     -0.3708324883E+01
    4360      871.8000     -0.2426952455E-14     -0.7481738313E-15     -0.3708288458E+01
    4380      875.8000     -0.1764160205E-14     -0.7273819127E-15     -0.3708220561E+01
    4400      879.8000     -0.3818022279E-14     -0.1373130711E-14     -0.3708171487E+01
    4420      883.8000     -0.6127457326E-14     -0.1930126362E-14     -0.3708158761E+01
    4440      887.8000     -0.5452543092E-14     -0.1527270552E-14     -0.3708152233E+01
    4460      891.8000     -0.2496490286E-14     -0.5180106604E-15     -0.3708123323E+01
    4480      895.8000     -0.7602882787E-15     -0.2828412191E-16     -0.3708086127E+01
    4500      899.8000     -0.2006805341E-14     -0.5504119201E-15     -0.3708079513E+01
    4520      903.8000     -0.4786859299E-14     -0.1545656866E-14     -0.3708120429E+01
    4540      907.8000     -0.6365950789E-14     -0.2096945322E-14     -0.3708185059E+01
    4560      911.8000     -0.5109837211E-14     -0.1672968050E-14     -0.3708233859E+01
    4580      915.8000     -0.2177128936E-14     -0.6521433823E-15     -0.3708251180E+01
    4600      919.8000     -0.8892579493E-15     -0.1186229384E-15     -0.3708257782E+01
    4620      923.8000     -0.2842019905E-14     -0.6443324607E-15     -0.3708280509E+01
    4640      927.8000     -0.5457638238E-14     -0.1494246874E-14     -0.3708312596E+01
    4660      931.8000     -0.5514686674E-14     -0.1663187272E-14     -0.3708317131E+01
    4680      935.8000     -0.3669317073E-14     -0.1256012144E-14     -0.3708274556E+01
    4700      939.8000     -0.2727893973E-14     -0.1016368512E-14     -0.3708211345E+01
    4720      943.8000     -0.3108229240E-14     -0.1025374133E-14     -0.3708168314E+01
    4740      947.8000     -0.3268921781E-14     -0.8819644455E-15     -0.3708151980E+01
    4760      951.8000     -0.3152477869E-14     -0.7138718495E-15     -0.3708136114E+01
    4780      955.8000     -0.3814845583E-14     -0.9489605364E-15     -0.3708106978E+01
    4800      959.8000     -0.4700353584E-14     -0.1388496622E-14     -0.3708085755E+01
    4820      963.8000     -0.4321753032E-14     -0.1439047465E-14     -0.3708099653E+01
    4840      967.8000     -0.2965249233E-14     -0.1065710852E-14     -0.3708145463E+01
    4860      971.8000     -0.2358108255E-14     -0.7899970590E-15     -0.3708193853E+01
    4880      975.8000     -0.3128191628E-14     -0.8902111544E-15     -0.3708224693E+01
    4900      979.8000     -0.4216375688E-14     -0.1128233040E-14     -0.3708246320E+01
    4920      983.8000     -0.4474207507E-14     -0.1188628742E-14     -0.3708276201E+01
    4940      987.8000     -0.3925453991E-14     -0.1079608145E-14     -0.3708309899E+01
    4960      991.8000     -0.3511672729E-14     -0.1067156038E-14     -0.3708320186E+01
    4980      995.8000     -0.3701757371E-14     -0.1236705325E-14     -0.3708290303E+01
    5000      999.8000     -0.3668898211E-14     -0.1256698641E-14     -0.3708238688E+01
    5020     1003.8000     -0.2801519446E-14     -0.9037446846E-15     -0.3708199467E+01
    5040     1007.8000     -0.2478104270E-14     -0.6518476088E-15     -0.3708181566E+01
    5060     1011.8000     -0.4139962839E-14     -0.1052300746E-14     -0.3708161573E+01
    5080     1015.8000     -0.5985210371E-14     -0.1637304533E-14     -0.3708121486E+01
    5100     1019.8000     -0.4846220149E-14     -0.1427885069E-14     -0.3708080377E+01
    5120     1023.8000     -0.1524634905E-14     -0.5691532219E-15     -0.3708075983E+01
    5140     1027.8000     -0.4578147942E-15     -0.3005229185E-15     -0.3708118756E+01
    5160     1031.8000     -0.3270714431E-14     -0.1074930256E-14     -0.3708176976E+01
    5180     1035.8000     -0.6373816577E-14     -0.1862036695E-14     -0.3708212243E+01
    5200     1039.8000     -0.6157232972E-14     -0.1682893364E-14     -0.3708222403E+01
    5220     1043.8000     -0.3379026506E-14     -0.8492454185E-15     -0.3708239156E+01
    5240     1047.8000     -0.1249423216E-14     -0.3174220853E-15     -0.3708281959E+01
    5260     1051.8000     -0.1647883493E-14     -0.5643234225E-15     -0.3708325716E+01
    5280     1055.8000     -0.3955909561E-14     -0.1316705292E-14     -0.3708326795E+01
    5300     1059.8000     -0.5861283106E-14     -0.1853988565E-14     -0.3708277571E+01
    5320     1063.8000     -0.5345422826E-14     -0.1604032854E-14     -0.3708217855E+01
    5340     1067.8000     -0.3077115005E-14     -0.8280280218E-15     -0.3708186146E+01
    5360     1071.8000     -0.1865312981E-14     -0.4232573494E-15     -0.3708175778E+01
    5380     1075.8000     -0.2833339213E-14     -0.7484431338E-15     -0.3708153651E+01
    5400     1079.8000     -0.4060998053E-14     -0.1205389860E-14     -0.3708111593E+01
    5420     1083.8000     -0.3999040607E-14     -0.1277927481E-14     -0.3708079397E+01
    5440     1087.8000     -0.3642424456E-14     -0.1211043862E-14     -0.3708087200E+01
    5460     1091.8000     -0.4002986577E-14     -0.1276957724E-14     -0.3708130844E+01
    5480     1095.8000     -0.4135321248E-14     -0.1206343204E-14     -0.3708180187E+01
    5500     1099.8000     -0.3254266126E-14     -0.8343189290E-15     -0.3708213050E+01
    5520     1103.8000     -0.2486515549E-14     -0.5876931323E-15     -0.3708234279E+01
    5540     1107.8000     -0.3021268173E-14     -0.8491362711E-15     -0.3708262137E+01
    5560     1111.8000     -0.4255402580E-14     -0.1359224960E-14     -0.3708298758E+01
    5580     1115.8000     -0.4832549087E-14     -0.1592007410E-14     -0.3708320103E+01
    5600     1119.8000     -0.4317528685E-14     -0.1372137359E-14     -0.3708302969E+01
    5620     1123.8000     -0.3331733558E-14     -0.9549564663E-15     -0.3708257797E+01
    5640     1127.8000     -0.2776861149E-14     -0.7148787212E-15     -0.3708218499E+01
    5660     1131.8000     -0.2979555780E-14     -0.7878805835E-15     -0.3708197499E+01
    5680     1135.8000     -0.3438267958E-14     -0.9852124642E-15     -0.3708171870E+01
    5700     1139.8000     -0.3786620752E-14     -0.1149716206E-14     -0.3708125342E+01
    5720     1143.8000     -0.4371800412E-14     -0.1369078228E-14     -0.3708082814E+01
    5740     1147.8000     -0.4882364223E-14     -0.1538883086E-14     -0.3708081232E+01
    5760     1151.8000     -0.3871938838E-14     -0.1202512635E-14     -0.3708119049E+01
    5780     1155.8000     -0.1558425139E-14     -0.4283593812E-15     -0.3708159703E+01
    5800     1159.8000     -0.1088443330E-14     -0.2164593074E-15     -0.3708181025E+01
    5820     1163.8000     -0.4093890282E-14     -0.1118650402E-14     -0.3708198084E+01
    5840     1167.8000     -0.7061935631E-14     -0.2082343227E-14     -0.3708234196E+01
    5860     1171.8000     -0.5823567184E-14     -0.1798463942E-14     -0.3708286167E+01
    5880     1175.8000     -0.1904484543E-14     -0.6646295955E-15     -0.3708324573E+01
    5900     1179.8000     -0.3928135876E-15     -0.1842455463E-15     -0.3708321872E+01
    5920     1183.8000     -0.2750145662E-14     -0.8117439937E-15     -0.3708279938E+01
    5940     1187.8000     -0.5599140326E-14     -0.1582959166E-14     -0.3708231859E+01
    5960     1191.8000     -0.5891294946E-14     -0.1645495304E-14     -0.3708208566E+01
    5980     1195.8000     -0.4023145120E-14     -0.1144048089E-14     -0.3708201030E+01
    6000     1199.8000     -0.2208413952E-14     -0.6976773478E-15     -0.3708171870E+01
    6020     1203.8000     -0.2033956150E-14     -0.7019738571E-15     -0.3708112763E+01
    6040     1207.8000     -0.3347362928E-14     -0.1070717298E-14     -0.3708067789E+01
    6060     1211.8000     -0.4492465550E-14     -0.1337706996E-14     -0.3708079735E+01
    6080     1215.8000     -0.4237960298E-14     -0.1196611547E-14     -0.3708132541E+01
    6100     1219.8000     -0.3437234564E-14     -0.9428714164E-15     -0.3708175144E+01
    6120     1223.8000     -0.3507812555E-14     -0.9971522711E-15     -0.3708190145E+01
    6140     1227.8000     -0.3977431241E-14     -0.1187838191E-14     -0.3708206636E+01
    6160     1231.8000     -0.3540555691E-14     -0.1096248026E-14     -0.3708247865E+01
    6180     1235.8000     -0.2711149822E-14     -0.8637727454E-15     -0.3708297081E+01
    6200     1239.8000     -0.3046532922E-14     -0.9516723182E-15     -0.3708321653E+01
    6220     1243.8000     -0.4375385913E-14     -0.1306182095E-14     -0.3708309267E+01
    6240     1247.8000     -0.5008937704E-14     -0.1436160376E-14     -0.3708273057E+01
    6260     1251.8000     -0.4231126775E-14     -0.1168761395E-14     -0.3708234869E+01
    6280     1255.8000     -0.2926978769E-14     -0.8096802037E-15     -0.3708206985E+01
    6300     1259.8000     -0.2271236816E-14     -0.7007139555E-15     -0.3708181832E+01
    6320     1263.8000     -0.2797004995E-14     -0.9308673382E-15     -0.3708143855E+01
    6340     1267.8000     -0.4066839814E-14     -0.1298096096E-14     -0.3708099291E+01
    6360     1271.8000     -0.4859579176E-14     -0.1442743185E-14     -0.3708080279E+01
    6380     1275.8000     -0.4447733084E-14     -0.1233244819E-14     -0.3708103836E+01
    6400     1279.8000     -0.3442444817E-14     -0.9306769874E-15     -0.3708143517E+01
    6420     1283.8000     -0.2664020934E-14     -0.7683925373E-15     -0.3708166060E+01
    6440     1287.8000     -0.2276873493E-14     -0.7179661360E-15     -0.3708181017E+01
    6460     1291.8000     -0.2763850921E-14     -0.8761415894E-15     -0.3708221292E+01
    6480     1295.8000     -0.4657678959E-14     -0.1421259898E-14     -0.3708282674E+01
    6500     1299.8000     -0.6320367578E-14     -0.1894325914E-14     -0.3708320611E+01
    6520     1303.8000     -0.4979412534E-14     -0.1466118255E-14     -0.3708310444E+01
    6540     1307.8000     -0.1459922417E-14     -0.3823902744E-15     -0.3708277083E+01
    6560     1311.8000     -0.3587309510E-15     -0.4524022384E-16     -0.3708254591E+01
    6580     1315.8000     -0.3467823140E-14     -0.1010941328E-14     -0.3708243094E+01
    6600     1319.8000     -0.6673807684E-14     -0.2023333114E-14     -0.3708219173E+01
    6620     1323.8000     -0.5887298141E-14     -0.1813462021E-14     -0.3708171219E+01
    6640     1327.8000     -0.2669753674E-14     -0.8326894954E-15     -0.3708113957E+01
    6660     1331.8000     -0.1229936717E-14     -0.3583999555E-15     -0.3708078015E+01
    6680     1335.8000     -0.2586151374E-14     -0.7210028407E-15     -0.3708085860E+01
    6700     1339.8000     -0.4387819452E-14     -0.1240849862E-14     -0.3708126682E+01
    6720     1343.8000     -0.4703932588E-14     -0.1359078244E-14     -0.3708161508E+01
    6740     1347.8000     -0.3837876355E-14     -0.1159218494E-14     -0.3708169767E+01
    6760     1351.8000     -0.3209480313E-14     -0.1021082745E-14     -0.3708179965E+01
    6780     1355.8000     -0.3535721592E-14     -0.1111856668E-14     -0.3708228631E+01
    6800     1359.8000     -0.4007409477E-14     -0.1192160154E-14     -0.3708298435E+01
    6820     1363.8000     -0.3525187979E-14     -0.9889147068E-15     -0.3708332258E+01
    6840     1367.8000     -0.2699384332E-14     -0.7372910806E-15     -0.3708308671E+01
    6860     1371.8000     -0.3174675755E-14     -0.9255628819E-15     -0.3708266430E+01
    6880     1375.8000     -0.4739273492E-14     -0.1440098205E-14     -0.3708245004E+01
    6900     1379.8000     -0.5205587810E-14     -0.1588102628E-14     -0.3708235159E+01
    6920     1383.8000     -0.3739392121E-14     -0.1129185806E-14     -0.3708205836E+01
    6940     1387.8000     -0.2127741435E-14     -0.6291905513E-15     -0.3708153703E+01
    6960     1391.8000     -0.2109674745E-14     -0.6180050026E-15     -0.3708105278E+01
    6980     1395.8000     -0.3409538652E-14     -0.9989374362E-15     -0.3708085056E+01
    7000     1399.8000     -0.4756817660E-14     -0.1386688872E-14     -0.3708096746E+01
    7020     1403.8000     -0.5131250109E-14     -0.1494851916E-14     -0.3708126035E+01
    7040     1407.8000     -0.4102256702E-14     -0.1213681859E-14     -0.3708153826E+01
    7060     1411.8000     -0.2443825971E-14     -0.7623758330E-15     -0.3708175543E+01
    7080     1415.8000     -0.1879961796E-14     -0.6139589501E-15     -0.3708207134E+01
    7100     1419.8000     -0.3032152831E-14     -0.9229847542E-15     -0.3708258264E+01
    7120     1423.8000     -0.4590987443E-14     -0.1322239468E-14     -0.3708305181E+01
    7140     1427.8000     -0.5233708748E-14     -0.1483685405E-14     -0.3708314002E+01
    7160     1431.8000     -0.4814372913E-14     -0.1399700512E-14     -0.3708288790E+01
    7180     1435.8000     -0.3449617366E-14     -0.1060509869E-14     -0.3708266420E+01
    7200     1439.8000     -0.1704415216E-14     -0.5617805450E-15     -0.3708259463E+01
    7220     1443.8000     -0.1540057361E-14     -0.4777960972E-15     -0.3708237748E+01
    7240     1447.8000     -0.4058312032E-14     -0.1189933250E-14     -0.3708180663E+01
    7260     1451.8000     -0.6565296334E-14     -0.1929963353E-14     -0.3708117056E+01
    7280     1455.8000     -0.5475430496E-14     -0.1611176785E-14     -0.3708090150E+01
    7300     1459.8000     -0.1945483192E-14     -0.5583880818E-15     -0.3708103322E+01
    7320     1463.8000     -0.6730392023E-15     -0.1849309327E-15     -0.3708124553E+01
    7340     1467.8000     -0.3038165934E-14     -0.9136091507E-15     -0.3708132957E+01
    7360     1471.8000     -0.5459096621E-14     -0.1655573697E-14     -0.3708140192E+01
    7380     1475.8000     -0.5046331280E-14     -0.1524737853E-14     -0.3708169779E+01
    7400     1479.8000     -0.3213975438E-14     -0.9504441087E-15     -0.3708227424E+01
    7420     1483.8000     -0.2678734340E-14     -0.7689094923E-15     -0.3708289599E+01
    7440     1487.8000     -0.3645977544E-14     -0.1053384220E-14     -0.3708319547E+01
    7460     1491.8000     -0.4277820878E-14     -0.1252070874E-14     -0.3708303576E+01
    7480     1495.8000     -0.3565434986E-14     -0.1060995105E-14     -0.3708270174E+01
    7500     1499.8000     -0.2665873560E-14     -0.8200404542E-15     -0.3708256819E+01
    7520     1503.8000     -0.3281688131E-14     -0.1016631578E-14     -0.3708258556E+01
    7540     1507.8000     -0.4962969220E-14     -0.1494291775E-14     -0.3708233868E+01
    7560     1511.8000     -0.5223886166E-14     -0.1522203376E-14     -0.3708167856E+01
    7580     1515.8000     -0.3173715793E-14     -0.8827685800E-15     -0.3708101713E+01
    7600     1519.8000     -0.1344430479E-14     -0.3658968910E-15     -0.3708082378E+01
    7620     1523.8000     -0.2204040497E-14     -0.6805256556E-15     -0.3708105289E+01
    7640     1527.8000     -0.4568210631E-14     -0.1410888050E-14     -0.3708130039E+01
    7660     1531.8000     -0.5568073780E-14     -0.1679004137E-14     -0.3708138170E+01
    7680     1535.8000     -0.4553362831E-14     -0.1332190930E-14     -0.3708149993E+01
    7700     1539.8000     -0.2980708959E-14     -0.8517389373E-15     -0.3708188198E+01
    7720     1543.8000     -0.2058721155E-14     -0.5965677062E-15     -0.3708245731E+01
    7740     1547.8000     -0.2321758615E-14     -0.6933234681E-15     -0.3708293563E+01
    7760     1551.8000     -0.3848769648E-14     -0.1148951789E-14     -0.3708309797E+01
    7780     1555.8000     -0.5442414537E-14     -0.1617728710E-14     -0.3708297982E+01
    7800     1559.8000     -0.5309401295E-14     -0.1581283959E-14     -0.3708279350E+01
    7820     1563.8000     -0.3515785573E-14     -0.1058968386E-14     -0.3708266073E+01
    7840     1567.8000     -0.2043346434E-14     -0.6225746543E-15     -0.3708245432E+01
    7860     1571.8000     -0.2117707435E-14     -0.6217992059E-15     -0.3708200029E+01
    7880     1575.8000     -0.3291408280E-14     -0.9404746804E-15     -0.3708141080E+01
    7900     1579.8000     -0.4748118673E-14     -0.1376222014E-14     -0.3708103577E+01
    7920     1583.8000     -0.5503774277E-14     -0.1644999913E-14     -0.3708103107E+01
    7940     1587.8000     -0.4367255289E-14     -0.1344162884E-14     -0.3708116740E+01
    7960     1591.8000     -0.1949180239E-14     -0.6091082216E-15     -0.3708119486E+01
    7980     1595.8000     -0.1182541786E-14     -0.3329015225E-15     -0.3708122801E+01
    8000     1599.8000     -0.3397546718E-14     -0.9695270705E-15     -0.3708156606E+01
    8020     1603.8000     -0.5743347271E-14     -0.1687864174E-14     -0.3708221235E+01
    8040     1607.8000     -0.5161450775E-14     -0.1542362967E-14     -0.3708279473E+01
    8060     1611.8000     -0.2919287884E-14     -0.8811416423E-15     -0.3708299206E+01
    8080     1615.8000     -0.2317971888E-14     -0.6953033991E-15     -0.3708288221E+01
    8100     1619.8000     -0.3658414252E-14     -0.1091045453E-14     -0.3708278441E+01
    8120     1623.8000     -0.4455061984E-14     -0.1326075893E-14     -0.3708283274E+01
    8140     1627.8000     -0.3600941157E-14     -0.1063944535E-14     -0.3708280871E+01
    8160     1631.8000     -0.2720764515E-14     -0.7956073950E-15     -0.3708242492E+01
    8180     1635.8000     -0.3460403943E-14     -0.1020469122E-14     -0.3708172769E+01
    8200     1639.8000     -0.4995474019E-14     -0.1486190751E-14     -0.3708112565E+01
    8220     1643.8000     -0.4940023273E-14     -0.1469491026E-14     -0.3708096465E+01
    8240     1647.8000     -0.2696735582E-14     -0.7971197783E-15     -0.3708114556E+01
    8260     1651.8000     -0.9763323675E-15     -0.2921253937E-15     -0.3708128355E+01
    8280     1655.8000     -0.2476141797E-14     -0.7523289410E-15     -0.3708122531E+01
    8300     1659.8000     -0.5637238618E-14     -0.1685640384E-14     -0.3708124557E+01
    8320     1663.8000     -0.6332212439E-14     -0.1859162720E-14     -0.3708165828E+01
    8340     1667.8000     -0.3747719070E-14     -0.1072455489E-14     -0.3708236228E+01
    8360     1671.8000     -0.1393601054E-14     -0.4033142507E-15     -0.3708291857E+01
    8380     1675.8000     -0.1835198697E-14     -0.5827588395E-15     -0.3708304462E+01
    8400     1679.8000     -0.3781942020E-14     -0.1165719536E-14     -0.3708289207E+01
    8420     1683.8000     -0.5058775341E-14     -0.1500458826E-14     -0.3708278776E+01
    8440     1687.8000     -0.5183574754E-14     -0.1500804567E-14     -0.3708279811E+01
    8460     1691.8000     -0.4324178930E-14     -0.1256061161E-14     -0.3708266951E+01
    8480     1695.8000     -0.2728048834E-14     -0.8166168455E-15     -0.3708220398E+01
    8500     1699.8000     -0.1709844781E-14     -0.5299904870E-15     -0.3708157200E+01
    8520     1703.8000     -0.2594692704E-14     -0.7803614256E-15     -0.3708114364E+01
    8540     1707.8000     -0.4508016640E-14     -0.1330627626E-14     -0.3708105909E+01
    8560     1711.8000     -0.5328578729E-14     -0.1572667843E-14     -0.3708111710E+01
    8580     1715.8000     -0.4466591368E-14     -0.1330220063E-14     -0.3708111785E+01
    8600     1719.8000     -0.3006632336E-14     -0.9033677519E-15     -0.3708115819E+01
    8620     1723.8000     -0.2060697703E-14     -0.6066255592E-15     -0.3708146515E+01
    8640     1727.8000     -0.2354711545E-14     -0.6736575128E-15     -0.3708202857E+01
    8660     1731.8000     -0.3972808931E-14     -0.1163450133E-14     -0.3708256008E+01
    8680     1735.8000     -0.5424595310E-14     -0.1631171827E-14     -0.3708281889E+01
    8700     1739.8000     -0.4849345686E-14     -0.1478714007E-14     -0.3708285708E+01
    8720     1743.8000     -0.2916645897E-14     -0.8771193180E-15     -0.3708288857E+01
    8740     1747.8000     -0.2259323620E-14     -0.6400928447E-15     -0.3708297453E+01
    8760     1751.8000     -0.3489490338E-14     -0.9990125755E-15     -0.3708291699E+01
    8780     1755.8000     -0.4410854821E-14     -0.1304886985E-14     -0.3708250352E+01
    8800     1759.8000     -0.3764825323E-14     -0.1143365626E-14     -0.3708183404E+01
    8820     1763.8000     -0.3038309963E-14     -0.9266975324E-15     -0.3708130261E+01
    8840     1767.8000     -0.3664822091E-14     -0.1091122270E-14     -0.3708117352E+01
    8860     1771.8000     -0.4665727513E-14     -0.1371910231E-14     -0.3708126313E+01
    8880     1775.8000     -0.4214371011E-14     -0.1235801660E-14     -0.3708120608E+01
    8900     1779.8000     -0.2395454959E-14     -0.7010668713E-15     -0.3708099812E+01
    8920     1783.8000     -0.1470619647E-14     -0.4352153149E-15     -0.3708104133E+01
    8940     1787.8000     -0.3201702507E-14     -0.9610555811E-15     -0.3708158208E+01
    8960     1791.8000     -0.6033687184E-14     -0.1806746969E-14     -0.3708232806E+01
    8980     1795.8000     -0.6257888324E-14     -0.1859885289E-14     -0.3708278677E+01
    9000     1799.8000     -0.3045399434E-14     -0.8878018925E-15     -0.3708283671E+01
    9020     1803.8000     -0.3945800208E-15     -0.1055000526E-15     -0.3708277139E+01
    9040     1807.8000     -0.1841923376E-14     -0.5591253005E-15     -0.3708284877E+01
    9060     1811.8000     -0.5313955920E-14     -0.1594415349E-14     -0.3708297870E+01
    9080     1815.8000     -0.6327162483E-14     -0.1868331997E-14     -0.3708286750E+01
    9100     1819.8000     -0.4355735777E-14     -0.1266866084E-14     -0.3708237322E+01
    9120     1823.8000     -0.2446149372E-14     -0.7257517181E-15     -0.3708169498E+01
    9140     1827.8000     -0.2185828312E-14     -0.6808450074E-15     -0.3708121613E+01
    9160     1831.8000     -0.2746307931E-14     -0.8354905760E-15     -0.3708112070E+01
    9180     1835.8000     -0.3585151522E-14     -0.1042302044E-14     -0.3708119999E+01
    9200     1839.8000     -0.4663712016E-14     -0.1347930135E-14     -0.3708115477E+01
    9220     1843.8000     -0.5003006977E-14     -0.1479431654E-14     -0.3708104677E+01
    9240     1847.8000     -0.3845506035E-14     -0.1169358819E-14     -0.3708123121E+01
    9260     1851.8000     -0.2368464404E-14     -0.7272467991E-15     -0.3708181052E+01
    9280     1855.8000     -0.2227744681E-14     -0.6547505848E-15     -0.3708242443E+01
    9300     1859.8000     -0.3379747030E-14     -0.9779844723E-15     -0.3708272005E+01
    9320     1863.8000     -0.4593111731E-14     -0.1351492103E-14     -0.3708278499E+01
    9340     1867.8000     -0.4941056608E-14     -0.1481617997E-14     -0.3708290054E+01
    9360     1871.8000     -0.4176232951E-14     -0.1260939069E-14     -0.3708305654E+01
    9380     1875.8000     -0.2925677651E-14     -0.8672545765E-15     -0.3708298162E+01
    9400     1879.8000     -0.2536230794E-14     -0.7299270475E-15     -0.3708256708E+01
    9420     1883.8000     -0.3423841287E-14     -0.1002373908E-14     -0.3708201760E+01
    9440     1887.8000     -0.4211495690E-14     -0.1264958622E-14     -0.3708159408E+01
    9460     1891.8000     -0.3858784174E-14     -0.1170910903E-14     -0.3708137103E+01
    9480     1895.8000     -0.3378358823E-14     -0.1006638885E-14     -0.3708124425E+01
    9500     1899.8000     -0.3846542571E-14     -0.1118530079E-14     -0.3708108621E+01
    9520     1903.8000     -0.4292024893E-14     -0.1250268904E-14     -0.3708092599E+01
    9540     1907.8000     -0.3434661345E-14     -0.1020446840E-14     -0.3708099790E+01
    9560     1911.8000     -0.2148880427E-14     -0.6590049471E-15     -0.3708148337E+01
    9580     1915.8000     -0.2368186737E-14     -0.7193245351E-15     -0.3708217277E+01
    9600     1919.8000     -0.4313311654E-14     -0.1277546820E-14     -0.3708260238E+01
    9620     1923.8000     -0.5989065292E-14     -0.1764656474E-14     -0.3708263259E+01
    9640     1927.8000     -0.5242781874E-14     -0.1546698015E-14     -0.3708263595E+01
    9660     1931.8000     -0.2334181920E-14     -0.6893229317E-15     -0.3708291985E+01
    9680     1935.8000     -0.4639284423E-15     -0.1394816049E-15     -0.3708321580E+01
    9700     1939.8000     -0.2372247963E-14     -0.7152948298E-15     -0.3708303864E+01
    9720     1943.8000     -0.6139056854E-14     -0.1837177593E-14     -0.3708238385E+01
    9740     1947.8000     -0.6912886278E-14     -0.2051087588E-14     -0.3708173335E+01
    9760     1951.8000     -0.3644634424E-14     -0.1061150613E-14     -0.3708143437E+01
    9780     1955.8000     -0.7550103633E-15     -0.2107103892E-15     -0.3708137444E+01
    9800     1959.8000     -0.1632745433E-14     -0.4983623908E-15     -0.3708127431E+01
    9820     1963.8000     -0.4211165338E-14     -0.1267934479E-14     -0.3708106269E+01
    9840     1967.8000     -0.5085640158E-14     -0.1500323181E-14     -0.3708091987E+01
    9860     1971.8000     -0.4330308168E-14     -0.1262461909E-14     -0.3708108731E+01
    9880     1975.8000     -0.3711499640E-14     -0.1104262406E-14     -0.3708162493E+01
    9900     1979.8000     -0.3354236087E-14     -0.1023833598E-14     -0.3708227437E+01
    9920     1983.8000     -0.2774567740E-14     -0.8346855151E-15     -0.3708265914E+01
    9940     1987.8000     -0.2710922919E-14     -0.7782660905E-15     -0.3708271622E+01
    9960     1991.8000     -0.3726542562E-14     -0.1076206691E-14     -0.3708276319E+01
    9980     1995.8000     -0.4791399449E-14     -0.1429489705E-14     -0.3708299278E+01
   10000     1999.8000     -0.4716582872E-14     -0.1436451876E-14     -0.3708312407E+01
   10020     2003.8000     -0.3694000626E-14     -0.1117358514E-14     -0.3708280864E+01
   10040     2007.8000     -0.2752133859E-14     -0.7981742304E-15     -0.3708218843E+01
   10060     2011.8000     -0.2672396786E-14     -0.7589351639E-15     -0.3708171379E+01
   10080     2015.8000     -0.3453023661E-14     -0.1015150709E-14     -0.3708151973E+01
   10100     2019.8000     -0.4202372721E-14     -0.1270026454E-14     -0.3708134603E+01
   10120     2023.8000     -0.4097681809E-14     -0.1241272450E-14     -0.3708105146E+01
   10140     2027.8000     -0.3616891830E-14     -0.1072242680E-14     -0.3708085633E+01
   10160     2031.8000     -0.3667180283E-14     -0.1066239526E-14     -0.3708100372E+01
   10180     2035.8000     -0.3774574879E-14     -0.1104536703E-14     -0.3708143976E+01
   10200     2039.8000     -0.3016646188E-14     -0.9011303038E-15     -0.3708192137E+01
   10220     2043.8000     -0.2309632940E-14     -0.7026088830E-15     -0.3708227308E+01
   10240     2047.8000     -0.3307244435E-14     -0.9899607871E-15     -0.3708248814E+01
   10260     2051.8000     -0.5281226915E-14     -0.1559055582E-14     -0.3708269056E+01
   10280     2055.8000     -0.5659425400E-14     -0.1665993035E-14     -0.3708297998E+01
   10300     2059.8000     -0.3686605066E-14     -0.1092366823E-14     -0.3708321789E+01
   10320     2063.8000     -0.1481290850E-14     -0.4512135694E-15     -0.3708308269E+01
   10340     2067.8000     -0.1440798787E-14     -0.4369208600E-15     -0.3708250230E+01
   10360     2071.8000     -0.3800692307E-14     -0.1124937583E-14     -0.3708187936E+01
   10380     2075.8000     -0.6319547712E-14     -0.1867758007E-14     -0.3708162970E+01
   10400     2079.8000     -0.6066316967E-14     -0.1797105311E-14     -0.3708162299E+01
   10420     2083.8000     -0.2801847857E-14     -0.8308265316E-15     -0.3708141031E+01
   10440     2087.8000     -0.2471715023E-15     -0.7376437332E-16     -0.3708094494E+01
   10460     2091.8000     -0.1735047967E-14     -0.5213950095E-15     -0.3708069985E+01
   10480     2095.8000     -0.5289640318E-14     -0.1577373420E-14     -0.3708101372E+01
   10500     2099.8000     -0.6228887650E-14     -0.1841822993E-14     -0.3708165360E+01
   10520     2103.8000     -0.3949746745E-14     -0.1154791015E-14     -0.3708215949E+01
   10540     2107.8000     -0.2163260612E-14     -0.6409260840E-15     -0.3708237717E+01
   10560     2111.8000     -0.2764153510E-14     -0.8427721502E-15     -0.3708249744E+01
   10580     2115.8000     -0.3801940783E-14     -0.1141717982E-14     -0.3708272604E+01
   10600     2119.8000     -0.3738561641E-14     -0.1089702080E-14     -0.3708304074E+01
   10620     2123.8000     -0.3604933841E-14     -0.1044170362E-14     -0.3708319983E+01
   10640     2127.8000     -0.4205669828E-14     -0.1257735659E-14     -0.3708296290E+01
   10660     2131.8000     -0.4511641697E-14     -0.1374500969E-14     -0.3708238308E+01
   10680     2135.8000     -0.3726708992E-14     -0.1117679345E-14     -0.3708182869E+01
   10700     2139.8000     -0.2687572924E-14     -0.7664860657E-15     -0.3708157805E+01
   10720     2143.8000     -0.2563642008E-14     -0.7270521001E-15     -0.3708148006E+01
   10740     2147.8000     -0.3442906041E-14     -0.1030086908E-14     -0.3708122784E+01
   10760     2151.8000     -0.4400954105E-14     -0.1345633618E-14     -0.3708088694E+01
   10780     2155.8000     -0.4467891461E-14     -0.1345469461E-14     -0.3708084890E+01
   10800     2159.8000     -0.3705620996E-14     -0.1075466357E-14     -0.3708125386E+01
   10820     2163.8000     -0.3132939767E-14     -0.8942910153E-15     -0.3708178002E+01
   10840     2167.8000     -0.3171665887E-14     -0.9375595039E-15     -0.3708210795E+01
   10860     2171.8000     -0.3156306493E-14     -0.9637948057E-15     -0.3708231301E+01
   10880     2175.8000     -0.3068022743E-14     -0.9322090760E-15     -0.3708262664E+01
   10900     2179.8000     -0.3938127010E-14     -0.1163802241E-14     -0.3708301514E+01
   10920     2183.8000     -0.5378416204E-14     -0.1577765566E-14     -0.3708320335E+01
   10940     2187.8000     -0.5105553530E-14     -0.1505429341E-14     -0.3708302564E+01
   10960     2191.8000     -0.2635055443E-14     -0.7873885994E-15     -0.3708260007E+01
   10980     2195.8000     -0.9482186511E-15     -0.2935059824E-15     -0.3708218274E+01
   11000     2199.8000     -0.2431159567E-14     -0.7277455112E-15     -0.3708191909E+01
   11020     2203.8000     -0.5353460480E-14     -0.1582846651E-14     -0.3708171899E+01
   11040     2207.8000     -0.6312464873E-14     -0.1863047244E-14     -0.3708138823E+01
   11060     2211.8000     -0.4416008410E-14     -0.1309772224E-14     -0.3708094151E+01
   11080     2215.8000     -0.1698806865E-14     -0.5129772168E-15     -0.3708070955E+01
   11100     2219.8000     -0.8232054400E-15     -0.2480072156E-15     -0.3708097783E+01
   11120     2223.8000     -0.2816510998E-14     -0.8284702756E-15     -0.3708156823E+01
   11140     2227.8000     -0.5750481922E-14     -0.1699601396E-14     -0.3708200563E+01
   11160     2231.8000     -0.6217957153E-14     -0.1847477180E-14     -0.3708212040E+01
   11180     2235.8000     -0.3609806703E-14     -0.1077099015E-14     -0.3708223611E+01
   11200     2239.8000     -0.1411646699E-14     -0.4227698468E-15     -0.3708265351E+01
   11220     2243.8000     -0.2351805224E-14     -0.7007658355E-15     -0.3708317335E+01
   11240     2247.8000     -0.4504282074E-14     -0.1334878633E-14     -0.3708332707E+01
   11260     2251.8000     -0.4738174967E-14     -0.1394740836E-14     -0.3708296137E+01
   11280     2255.8000     -0.3552464782E-14     -0.1045369818E-14     -0.3708239265E+01
   11300     2259.8000     -0.3365133553E-14     -0.1011110624E-14     -0.3708200494E+01
   11320     2263.8000     -0.4133547887E-14     -0.1251352416E-14     -0.3708184679E+01
   11340     2267.8000     -0.3984004341E-14     -0.1184623016E-14     -0.3708166931E+01
   11360     2271.8000     -0.2808368151E-14     -0.8032319470E-15     -0.3708129384E+01
   11380     2275.8000     -0.2358371470E-14     -0.6740664380E-15     -0.3708087599E+01
   11400     2279.8000     -0.3406541240E-14     -0.1026076229E-14     -0.3708076566E+01
   11420     2283.8000     -0.4758165621E-14     -0.1450910606E-14     -0.3708110306E+01
   11440     2287.8000     -0.4879665004E-14     -0.1459163978E-14     -0.3708163454E+01
   11460     2291.8000     -0.3626845909E-14     -0.1043393482E-14     -0.3708201126E+01
   11480     2295.8000     -0.2399458646E-14     -0.6782505423E-15     -0.3708220088E+01
   11500     2299.8000     -0.2538482518E-14     -0.7633677627E-15     -0.3708245149E+01
   11520     2303.8000     -0.3651946901E-14     -0.1122877299E-14     -0.3708286218E+01
   11540     2307.8000     -0.4369597354E-14     -0.1312208633E-14     -0.3708318256E+01
   11560     2311.8000     -0.4451265920E-14     -0.1296088683E-14     -0.3708312819E+01
   11580     2315.8000     -0.4475779285E-14     -0.1301627317E-14     -0.3708275222E+01
   11600     2319.8000     -0.3960629932E-14     -0.1181430944E-14     -0.3708235783E+01
   11620     2323.8000     -0.2363555831E-14     -0.7251395561E-15     -0.3708210305E+01
   11640     2327.8000     -0.1437248662E-14     -0.4343184633E-15     -0.3708185005E+01
   11660     2331.8000     -0.3248795549E-14     -0.9520985730E-15     -0.3708143655E+01
   11680     2335.8000     -0.6092451144E-14     -0.1796689584E-14     -0.3708097849E+01
   11700     2339.8000     -0.6081136219E-14     -0.1804816614E-14     -0.3708079047E+01
   11720     2343.8000     -0.2938728730E-14     -0.8781165269E-15     -0.3708101345E+01
   11740     2347.8000     -0.6078714740E-15     -0.1851733414E-15     -0.3708142857E+01
   11760     2351.8000     -0.1726282295E-14     -0.5121521084E-15     -0.3708172007E+01
   11780     2355.8000     -0.4619539866E-14     -0.1364816436E-14     -0.3708186604E+01
   11800     2359.8000     -0.6142031724E-14     -0.1817025647E-14     -0.3708213247E+01
   11820     2363.8000     -0.5093089403E-14     -0.1515068624E-14     -0.3708265512E+01
   11840     2367.8000     -0.2735801636E-14     -0.8217647112E-15     -0.3708317054E+01
   11860     2371.8000     -0.1513781108E-14     -0.4524543553E-15     -0.3708328364E+01
   11880     2375.8000     -0.2755325251E-14     -0.8105553771E-15     -0.3708293732E+01
   11900     2379.8000     -0.4852405366E-14     -0.1432350349E-14     -0.3708247525E+01
   11920     2383.8000     -0.5078741718E-14     -0.1507002452E-14     -0.3708222442E+01
   11940     2387.8000     -0.3503630470E-14     -0.1046094978E-14     -0.3708212800E+01
   11960     2391.8000     -0.2762461792E-14     -0.8286137180E-15     -0.3708187074E+01
   11980     2395.8000     -0.3675642830E-14     -0.1095604643E-14     -0.3708133088E+01
   12000     2399.8000     -0.4150986390E-14     -0.1223856036E-14     -0.3708080555E+01
   12020     2403.8000     -0.3112049920E-14     -0.9051284531E-15     -0.3708071355E+01
   12040     2407.8000     -0.2367400664E-14     -0.6944084955E-15     -0.3708110615E+01
   12060     2411.8000     -0.3425526264E-14     -0.1034109648E-14     -0.3708159790E+01
   12080     2415.8000     -0.5012880524E-14     -0.1513759895E-14     -0.3708184074E+01
   12100     2419.8000     -0.5028240933E-14     -0.1492593849E-14     -0.3708193853E+01
   12120     2423.8000     -0.3363702419E-14     -0.9674663743E-15     -0.3708223773E+01
   12140     2427.8000     -0.1887572361E-14     -0.5352591600E-15     -0.3708278376E+01
   12160     2431.8000     -0.2296313444E-14     -0.6968265786E-15     -0.3708320921E+01
   12180     2435.8000     -0.4214125975E-14     -0.1289615723E-14     -0.3708319548E+01
   12200     2439.8000     -0.5478784518E-14     -0.1638222122E-14     -0.3708284328E+01
   12220     2443.8000     -0.4754659419E-14     -0.1380189218E-14     -0.3708247872E+01
   12240     2447.8000     -0.3197143718E-14     -0.9175283225E-15     -0.3708223779E+01
   12260     2451.8000     -0.2506824044E-14     -0.7548952018E-15     -0.3708198683E+01
   12280     2455.8000     -0.2626791171E-14     -0.8142075138E-15     -0.3708159085E+01
   12300     2459.8000     -0.2967796074E-14     -0.8885342305E-15     -0.3708113493E+01
   12320     2463.8000     -0.4024022379E-14     -0.1167712051E-14     -0.3708086405E+01
   12340     2467.8000     -0.5513392118E-14     -0.1617137498E-14     -0.3708093615E+01
   12360     2471.8000     -0.5190161795E-14     -0.1552806626E-14     -0.3708124609E+01
   12380     2475.8000     -0.2407031358E-14     -0.7341632784E-15     -0.3708153914E+01
   12400     2479.8000     -0.5226249556E-15     -0.1539280427E-15     -0.3708173318E+01
   12420     2483.8000     -0.2435419426E-14     -0.7076345855E-15     -0.3708202522E+01
   12440     2487.8000     -0.5850310797E-14     -0.1729373788E-14     -0.3708255556E+01
   12460     2491.8000     -0.6427795740E-14     -0.1913779518E-14     -0.3708307850E+01
   12480     2495.8000     -0.3866644652E-14     -0.1156873802E-14     -0.3708320018E+01
   12500     2499.8000     -0.1627128318E-14     -0.4879096400E-15     -0.3708291003E+01
   12520     2503.8000     -0.1944553407E-14     -0.5748389915E-15     -0.3708260062E+01
   12540     2507.8000     -0.3812228865E-14     -0.1122406687E-14     -0.3708250547E+01
   12560     2511.8000     -0.5051566863E-14     -0.1491562468E-14     -0.3708239171E+01
   12580     2515.8000     -0.4594140816E-14     -0.1367090173E-14     -0.3708195472E+01
   12600     2519.8000     -0.3244781817E-14     -0.9758554385E-15     -0.3708130252E+01
   12620     2523.8000     -0.2755519910E-14     -0.8257526947E-15     -0.3708085062E+01
   12640     2527.8000     -0.3550588759E-14     -0.1046767296E-14     -0.3708084526E+01
   12660     2531.8000     -0.4021012895E-14     -0.1176897750E-14     -0.3708115001E+01
   12680     2535.8000     -0.3186676242E-14     -0.9359394186E-15     -0.3708145326E+01
   12700     2539.8000     -0.2596951038E-14     -0.7791899321E-15     -0.3708159324E+01
   12720     2543.8000     -0.3755180726E-14     -0.1134751987E-14     -0.3708170849E+01
   12740     2547.8000     -0.5259993271E-14     -0.1571280958E-14     -0.3708207361E+01
   12760     2551.8000     -0.4793465157E-14     -0.1408558786E-14     -0.3708271219E+01
   12780     2555.8000     -0.2724682221E-14     -0.7839159981E-15     -0.3708323339E+01
   12800     2559.8000     -0.1592733730E-14     -0.4666192390E-15     -0.3708323390E+01
   12820     2563.8000     -0.2748180418E-14     -0.8382571314E-15     -0.3708282312E+01
   12840     2567.8000     -0.4961198317E-14     -0.1499354996E-14     -0.3708248864E+01
   12860     2571.8000     -0.5897377203E-14     -0.1748855293E-14     -0.3708242130E+01
   12880     2575.8000     -0.4458618874E-14     -0.1292832152E-14     -0.3708228891E+01
   12900     2579.8000     -0.2108067201E-14     -0.6029916629E-15     -0.3708179865E+01
   12920     2583.8000     -0.1466457109E-14     -0.4507838495E-15     -0.3708117465E+01
   12940     2587.8000     -0.3063809895E-14     -0.9437189046E-15     -0.3708085556E+01
   12960     2591.8000     -0.4744088008E-14     -0.1413325343E-14     -0.3708094012E+01
   12980     2595.8000     -0.4909184878E-14     -0.1424337303E-14     -0.3708118049E+01
   13000     2599.8000     -0.4256773894E-14     -0.1239372630E-14     -0.3708138531E+01
   13020     2603.8000     -0.3533186560E-14     -0.1067693671E-14     -0.3708159605E+01
   13040     2607.8000     -0.2429005615E-14     -0.7528226665E-15     -0.3708192658E+01
   13060     2611.8000     -0.1747024588E-14     -0.5151650325E-15     -0.3708239134E+01
   13080     2615.8000     -0.3239095827E-14     -0.9301480017E-15     -0.3708285803E+01
   13100     2619.8000     -0.5906152833E-14     -0.1741792713E-14     -0.3708310609E+01
   13120     2623.8000     -0.6138785865E-14     -0.1845109073E-14     -0.3708302549E+01
   13140     2627.8000     -0.3200939883E-14     -0.9720874729E-15     -0.3708278307E+01
   13160     2631.8000     -0.9323519083E-15     -0.2697553760E-15     -0.3708262531E+01
   13180     2635.8000     -0.2166568243E-14     -0.6213753196E-15     -0.3708249478E+01
   13200     2639.8000     -0.4823113955E-14     -0.1422806735E-14     -0.3708209737E+01
   13220     2643.8000     -0.5466463939E-14     -0.1631996372E-14     -0.3708143233E+01
   13240     2647.8000     -0.3943037633E-14     -0.1184108795E-14     -0.3708094414E+01
   13260     2651.8000     -0.2604685439E-14     -0.7784754196E-15     -0.3708095321E+01
   13280     2655.8000     -0.2824397841E-14     -0.8321632853E-15     -0.3708121476E+01
   13300     2659.8000     -0.3793081062E-14     -0.1112837907E-14     -0.3708131254E+01
   13320     2663.8000     -0.3987074649E-14     -0.1173479357E-14     -0.3708127452E+01
   13340     2667.8000     -0.3187465165E-14     -0.9486493924E-15     -0.3708147871E+01
   13360     2671.8000     -0.2893083781E-14     -0.8735288102E-15     -0.3708206185E+01
   13380     2675.8000     -0.4113614187E-14     -0.1234533080E-14     -0.3708272188E+01
   13400     2679.8000     -0.5303384026E-14     -0.1570584349E-14     -0.3708308473E+01
   13420     2683.8000     -0.4317836950E-14     -0.1261881781E-14     -0.3708305726E+01
   13440     2687.8000     -0.2047233867E-14     -0.5933974805E-15     -0.3708282965E+01
   13460     2691.8000     -0.1575391197E-14     -0.4774704583E-15     -0.3708266170E+01
   13480     2695.8000     -0.3691624237E-14     -0.1119725041E-14     -0.3708262480E+01
   13500     2699.8000     -0.5794599373E-14     -0.1729327537E-14     -0.3708248768E+01
   13520     2703.8000     -0.5517047105E-14     -0.1621100929E-14     -0.3708198438E+01
   13540     2707.8000     -0.3332698034E-14     -0.9668175467E-15     -0.3708125969E+01
   13560     2711.8000     -0.1454752008E-14     -0.4291005374E-15     -0.3708082695E+01
   13580     2715.8000     -0.1648216766E-14     -0.5080472679E-15     -0.3708094136E+01
   13600     2719.8000     -0.3792991850E-14     -0.1143535813E-14     -0.3708126327E+01
   13620     2723.8000     -0.5694976995E-14     -0.1684729079E-14     -0.3708136823E+01
   13640     2727.8000     -0.5249609386E-14     -0.1533688761E-14     -0.3708135454E+01
   13660     2731.8000     -0.3177041538E-14     -0.9301733151E-15     -0.3708162843E+01
   13680     2735.8000     -0.2030447692E-14     -0.6210314076E-15     -0.3708224421E+01
   13700     2739.8000     -0.2592690424E-14     -0.7957035022E-15     -0.3708281575E+01
   13720     2743.8000     -0.3546764303E-14     -0.1047769733E-14     -0.3708303938E+01
   13740     2747.8000     -0.4279737867E-14     -0.1238854178E-14     -0.3708299083E+01
   13760     2751.8000     -0.5046554710E-14     -0.1486845814E-14     -0.3708288213E+01
   13780     2755.8000     -0.4921626272E-14     -0.1489085591E-14     -0.3708277147E+01
   13800     2759.8000     -0.3043403879E-14     -0.9302249910E-15     -0.3708257110E+01
   13820     2763.8000     -0.1349516545E-14     -0.3864959103E-15     -0.3708219315E+01
   13840     2767.8000     -0.2411058916E-14     -0.6813658939E-15     -0.3708166724E+01
   13860     2771.8000     -0.5026611548E-14     -0.1485311352E-14     -0.3708119318E+01
   13880     2775.8000     -0.5624335334E-14     -0.1695782489E-14     -0.3708100510E+01
   13900     2779.8000     -0.3662027409E-14     -0.1108022585E-14     -0.3708109189E+01
   13920     2783.8000     -0.2122782010E-14     -0.6210413209E-15     -0.3708119031E+01
   13940     2787.8000     -0.2775443061E-14     -0.8008905072E-15     -0.3708118975E+01
   13960     2791.8000     -0.4079069216E-14     -0.1201233302E-14     -0.3708135423E+01
   13980     2795.8000     -0.4106681668E-14     -0.1227514105E-14     -0.3708191419E+01
   14000     2799.8000     -0.3227908359E-14     -0.9706574783E-15     -0.3708260946E+01
   14020     2803.8000     -0.3159102108E-14     -0.9435746041E-15     -0.3708295547E+01
   14040     2807.8000     -0.4358352183E-14     -0.1292518506E-14     -0.3708288216E+01
   14060     2811.8000     -0.5119977555E-14     -0.1512949228E-14     -0.3708277334E+01
   14080     2815.8000     -0.3776897425E-14     -0.1110364575E-14     -0.3708286608E+01
   14100     2819.8000     -0.1603295318E-14     -0.4706345488E-15     -0.3708292677E+01
   14120     2823.8000     -0.1760461798E-14     -0.5334591237E-15     -0.3708261977E+01
   14140     2827.8000     -0.4622588657E-14     -0.1391184197E-14     -0.3708197068E+01
   14160     2831.8000     -0.6544139649E-14     -0.1945022272E-14     -0.3708133763E+01
   14180     2835.8000     -0.4871469457E-14     -0.1424510498E-14     -0.3708104068E+01
   14200     2839.8000     -0.1747657812E-14     -0.4992829846E-15     -0.3708109276E+01
   14220     2843.8000     -0.9014146818E-15     -0.2754488080E-15     -0.3708123410E+01
   14240     2847.8000     -0.2825954673E-14     -0.8621816437E-15     -0.3708122914E+01
   14260     2851.8000     -0.5127366257E-14     -0.1529104274E-14     -0.3708117274E+01
   14280     2855.8000     -0.5780165402E-14     -0.1699038910E-14     -0.3708141257E+01
   14300     2859.8000     -0.4474604706E-14     -0.1310508463E-14     -0.3708206785E+01
   14320     2863.8000     -0.2397357781E-14     -0.7138482040E-15     -0.3708276269E+01
   14340     2867.8000     -0.1585264308E-14     -0.4884663159E-15     -0.3708303484E+01
   14360     2871.8000     -0.2947381103E-14     -0.8866310909E-15     -0.3708290507E+01
   14380     2875.8000     -0.4833402566E-14     -0.1424930822E-14     -0.3708278222E+01
   14400     2879.8000     -0.5155420925E-14     -0.1509395665E-14     -0.3708284596E+01
   14420     2883.8000     -0.4170393052E-14     -0.1234492149E-14     -0.3708282104E+01
   14440     2887.8000     -0.3330351277E-14     -0.1012130815E-14     -0.3708242737E+01
   14460     2891.8000     -0.2829668417E-14     -0.8601058087E-15     -0.3708179653E+01
   14480     2895.8000     -0.2460615453E-14     -0.7148980189E-15     -0.3708129722E+01
   14500     2899.8000     -0.3051355018E-14     -0.8715047122E-15     -0.3708110517E+01
   14520     2903.8000     -0.4644966667E-14     -0.1373416263E-14     -0.3708109688E+01
   14540     2907.8000     -0.5231518711E-14     -0.1585421544E-14     -0.3708109750E+01
   14560     2911.8000     -0.3714976653E-14     -0.1128018671E-14     -0.3708111225E+01
   14580     2915.8000     -0.2126802461E-14     -0.6144688449E-15     -0.3708130283E+01
   14600     2919.8000     -0.2587159758E-14     -0.7324979090E-15     -0.3708176360E+01
   14620     2923.8000     -0.4067002326E-14     -0.1199050404E-14     -0.3708234060E+01
   14640     2927.8000     -0.4379614254E-14     -0.1325385282E-14     -0.3708273732E+01
   14660     2931.8000     -0.3608756213E-14     -0.1094844771E-14     -0.3708284210E+01
   14680     2935.8000     -0.3431541020E-14     -0.1014377166E-14     -0.3708285152E+01
   14700     2939.8000     -0.4197118020E-14     -0.1225670071E-14     -0.3708295864E+01
   14720     2943.8000     -0.4470909639E-14     -0.1316890823E-14     -0.3708301951E+01
   14740     2947.8000     -0.3273586904E-14     -0.9772929370E-15     -0.3708272521E+01
   14760     2951.8000     -0.1841750248E-14     -0.5556295683E-15     -0.3708207908E+01
   14780     2955.8000     -0.2457647372E-14     -0.7346216442E-15     -0.3708147916E+01
   14800     2959.8000     -0.5105998059E-14     -0.1518496154E-14     -0.3708125221E+01
   14820     2963.8000     -0.6465543032E-14     -0.1916073041E-14     -0.3708128049E+01
   14840     2967.8000     -0.4117478358E-14     -0.1208625162E-14     -0.3708122433E+01
   14860     2971.8000     -0.6839389269E-15     -0.1917334735E-15     -0.3708101399E+01
   14880     2975.8000     -0.7406288098E-15     -0.2293271892E-15     -0.3708095570E+01
   14900     2979.8000     -0.4232828238E-14     -0.1277611241E-14     -0.3708133725E+01
   14920     2983.8000     -0.6606291447E-14     -0.1962927781E-14     -0.3708204034E+01
   14940     2987.8000     -0.5362539018E-14     -0.1569023220E-14     -0.3708263019E+01
   14960     2991.8000     -0.2741591670E-14     -0.7987161265E-15     -0.3708281850E+01
   14980     2995.8000     -0.1664474842E-14     -0.5086798466E-15     -0.3708275401E+01
   15000     2999.8000     -0.2463878796E-14     -0.7539028929E-15     -0.3708278507E+01
   15020     3003.8000     -0.3995436737E-14     -0.1184652066E-14     -0.3708298003E+01
   15040     3007.8000     -0.5125848656E-14     -0.1500037639E-14     -0.3708301995E+01
   15060     3011.8000     -0.4932470656E-14     -0.1452618613E-14     -0.3708261750E+01
   15080     3015.8000     -0.3544877686E-14     -0.1065318311E-14     -0.3708191983E+01
   15100     3019.8000     -0.2474350062E-14     -0.7552580323E-15     -0.3708136581E+01
   15120     3023.8000     -0.2687625721E-14     -0.7997729482E-15     -0.3708119060E+01
   15140     3027.8000     -0.3412281468E-14     -0.9904952393E-15     -0.3708121601E+01
   15160     3031.8000     -0.3839135294E-14     -0.1117558625E-14     -0.3708115946E+01
   15180     3035.8000     -0.4220406640E-14     -0.1260253346E-14     -0.3708102910E+01
   15200     3039.8000     -0.4438966390E-14     -0.1348935098E-14     -0.3708110459E+01
   15220     3043.8000     -0.3727447568E-14     -0.1121280107E-14     -0.3708155183E+01
   15240     3047.8000     -0.2585302451E-14     -0.7426601836E-15     -0.3708217281E+01
   15260     3051.8000     -0.2608592204E-14     -0.7396525183E-15     -0.3708261364E+01
   15280     3055.8000     -0.3820544239E-14     -0.1134988075E-14     -0.3708276682E+01
   15300     3059.8000     -0.4519457823E-14     -0.1377313643E-14     -0.3708283811E+01
   15320     3063.8000     -0.4098905820E-14     -0.1241143037E-14     -0.3708298893E+01
   15340     3067.8000     -0.3686259571E-14     -0.1077832513E-14     -0.3708306308E+01
   15360     3071.8000     -0.3808968160E-14     -0.1097427633E-14     -0.3708280290E+01
   15380     3075.8000     -0.3643607323E-14     -0.1073720903E-14     -0.3708224837E+01
   15400     3079.8000     -0.2861755333E-14     -0.8722948636E-15     -0.3708173197E+01
   15420     3083.8000     -0.2498387565E-14     -0.7617965803E-15     -0.3708147290E+01
   15440     3087.8000     -0.3515887223E-14     -0.1037574085E-14     -0.3708135033E+01
   15460     3091.8000     -0.5225240100E-14     -0.1532977239E-14     -0.3708115073E+01
   15480     3095.8000     -0.5520970767E-14     -0.1633239559E-14     -0.3708091228E+01
   15500     3099.8000     -0.3265887827E-14     -0.9755784813E-15     -0.3708090448E+01
   15520     3103.8000     -0.6284787601E-15     -0.1889767304E-15     -0.3708129494E+01
   15540     3107.8000     -0.1281401753E-14     -0.3789661239E-15     -0.3708191778E+01
   15560     3111.8000     -0.5131938624E-14     -0.1527494995E-14     -0.3708240968E+01
   15580     3115.8000     -0.7373242298E-14     -0.2192227421E-14     -0.3708258138E+01
   15600     3119.8000     -0.4952495720E-14     -0.1461486251E-14     -0.3708261663E+01
   15620     3123.8000     -0.1176962949E-14     -0.3393991582E-15     -0.3708281560E+01
   15640     3127.8000     -0.8747186056E-15     -0.2677255215E-15     -0.3708314087E+01
   15660     3131.8000     -0.3667681171E-14     -0.1105439841E-14     -0.3708318366E+01
   15680     3135.8000     -0.5576303146E-14     -0.1652781440E-14     -0.3708269000E+01
   15700     3139.8000     -0.5025992596E-14     -0.1471334343E-14     -0.3708195857E+01
   15720     3143.8000     -0.3654667445E-14     -0.1078271264E-14     -0.3708150750E+01
   15740     3147.8000     -0.2848772444E-14     -0.8650565540E-15     -0.3708144088E+01
   15760     3151.8000     -0.2659432813E-14     -0.8062988542E-15     -0.3708140173E+01
   15780     3155.8000     -0.3020000126E-14     -0.8844245403E-15     -0.3708114048E+01
   15800     3159.8000     -0.3746365582E-14     -0.1085410368E-14     -0.3708086546E+01
   15820     3163.8000     -0.4200504893E-14     -0.1239948004E-14     -0.3708094168E+01
   15840     3167.8000     -0.4142189469E-14     -0.1251436459E-14     -0.3708143082E+01
   15860     3171.8000     -0.3907277005E-14     -0.1183741855E-14     -0.3708204911E+01
   15880     3175.8000     -0.3503200596E-14     -0.1035800966E-14     -0.3708248162E+01
   15900     3179.8000     -0.2891702668E-14     -0.8292135678E-15     -0.3708265443E+01
   15920     3183.8000     -0.2818336452E-14     -0.8169315601E-15     -0.3708274077E+01
   15940     3187.8000     -0.3748598127E-14     -0.1127965644E-14     -0.3708291820E+01
   15960     3191.8000     -0.4658117774E-14     -0.1415666621E-14     -0.3708310008E+01
   15980     3195.8000     -0.4460620899E-14     -0.1334402493E-14     -0.3708299022E+01
   16000     3199.8000     -0.3658726098E-14     -0.1061201468E-14     -0.3708248636E+01
   16020     3203.8000     -0.3191673640E-14     -0.9185693275E-15     -0.3708189483E+01
   16040     3207.8000     -0.2976625606E-14     -0.8855030786E-15     -0.3708156601E+01
   16060     3211.8000     -0.2841462073E-14     -0.8713865556E-15     -0.3708144067E+01
   16080     3215.8000     -0.3351037210E-14     -0.1012518316E-14     -0.3708121903E+01
   16100     3219.8000     -0.4512379794E-14     -0.1325877497E-14     -0.3708090511E+01
   16120     3223.8000     -0.5070148418E-14     -0.1479162589E-14     -0.3708085237E+01
   16140     3227.8000     -0.4077652810E-14     -0.1204937951E-14     -0.3708123214E+01
   16160     3231.8000     -0.2253737073E-14     -0.6866529080E-15     -0.3708176982E+01
   16180     3235.8000     -0.1400778790E-14     -0.4287054865E-15     -0.3708213113E+01
   16200     3239.8000     -0.2818893833E-14     -0.8289645378E-15     -0.3708232550E+01
   16220     3243.8000     -0.5642502191E-14     -0.1663329958E-14     -0.3708257033E+01
   16240     3247.8000     -0.6739040800E-14     -0.2003023568E-14     -0.3708292219E+01
   16260     3251.8000     -0.4136449928E-14     -0.1235339105E-14     -0.3708319204E+01
   16280     3255.8000     -0.5967950762E-15     -0.1748180680E-15     -0.3708314576E+01
   16300     3259.8000     -0.7931475750E-15     -0.2310037607E-15     -0.3708272621E+01
   16320     3263.8000     -0.4563256811E-14     -0.1359598990E-14     -0.3708214887E+01
   16340     3267.8000     -0.6788290620E-14     -0.2019184521E-14     -0.3708175458E+01
   16360     3271.8000     -0.4867707239E-14     -0.1436135822E-14     -0.3708164387E+01
   16380     3275.8000     -0.2064234813E-14     -0.6050293634E-15     -0.3708152756E+01
   16400     3279.8000     -0.1911980364E-14     -0.5779635935E-15     -0.3708114118E+01
   16420     3283.8000     -0.3464046259E-14     -0.1041578979E-14     -0.3708072631E+01
   16440     3287.8000     -0.4141141896E-14     -0.1219154376E-14     -0.3708079170E+01
   16460     3291.8000     -0.3789315237E-14     -0.1100636630E-14     -0.3708139799E+01
   16480     3295.8000     -0.3688336861E-14     -0.1092466257E-14     -0.3708203154E+01
   16500     3299.8000     -0.3996608597E-14     -0.1213179105E-14     -0.3708228729E+01
   16520     3303.8000     -0.3996834411E-14     -0.1206720155E-14     -0.3708234356E+01
   16540     3307.8000     -0.3461398411E-14     -0.1011848043E-14     -0.3708257838E+01
   16560     3311.8000     -0.2858351778E-14     -0.8153665852E-15     -0.3708298901E+01
   16580     3315.8000     -0.2922138421E-14     -0.8596568535E-15     -0.3708323106E+01
   16600     3319.8000     -0.3912857999E-14     -0.1190435412E-14     -0.3708307045E+01
   16620     3323.8000     -0.4884639346E-14     -0.1480017120E-14     -0.3708259412E+01
   16640     3327.8000     -0.4573223327E-14     -0.1351065636E-14     -0.3708206693E+01
   16660     3331.8000     -0.3269087171E-14     -0.9357695174E-15     -0.3708170820E+01
   16680     3335.8000     -0.2482241286E-14     -0.7169942835E-15     -0.3708152942E+01
   16700     3339.8000     -0.2752037423E-14     -0.8340834751E-15     -0.3708134108E+01
   16720     3343.8000     -0.3406784325E-14     -0.1041116226E-14     -0.3708103081E+01
   16740     3347.8000     -0.4123111375E-14     -0.1229776715E-14     -0.3708081658E+01
   16760     3351.8000     -0.4809459728E-14     -0.1405082167E-14     -0.3708101384E+01
   16780     3355.8000     -0.4584765521E-14     -0.1338206324E-14     -0.3708155274E+01
   16800     3359.8000     -0.3009708399E-14     -0.8956543108E-15     -0.3708201586E+01
   16820     3363.8000     -0.1643948620E-14     -0.5097797635E-15     -0.3708221933E+01
   16840     3367.8000     -0.2322955977E-14     -0.7029880899E-15     -0.3708242866E+01
   16860     3371.8000     -0.4518024131E-14     -0.1329963885E-14     -0.3708284633E+01
   16880     3375.8000     -0.5972300271E-14     -0.1753617901E-14     -0.3708321003E+01
   16900     3379.8000     -0.5246178063E-14     -0.1557356910E-14     -0.3708315523E+01
   16920     3383.8000     -0.2851523616E-14     -0.8644836674E-15     -0.3708274104E+01
   16940     3387.8000     -0.9387847136E-15     -0.2868847498E-15     -0.3708233054E+01
   16960     3391.8000     -0.1802274230E-14     -0.5223513466E-15     -0.3708209039E+01
   16980     3395.8000     -0.5006312332E-14     -0.1473751412E-14     -0.3708186983E+01
   17000     3399.8000     -0.6760309987E-14     -0.2011608461E-14     -0.3708150810E+01
   17020     3403.8000     -0.4577119337E-14     -0.1368654918E-14     -0.3708106547E+01
   17040     3407.8000     -0.1300008820E-14     -0.3855596371E-15     -0.3708077605E+01
   17060     3411.8000     -0.1284428182E-14     -0.3762727864E-15     -0.3708086191E+01
   17080     3415.8000     -0.3987627508E-14     -0.1182623567E-14     -0.3708131474E+01
   17100     3419.8000     -0.5280775527E-14     -0.1564052449E-14     -0.3708182184E+01
   17120     3423.8000     -0.4007559002E-14     -0.1181446588E-14     -0.3708206546E+01
   17140     3427.8000     -0.2929740464E-14     -0.8720347074E-15     -0.3708213810E+01
   17160     3431.8000     -0.3596241482E-14     -0.1085915830E-14     -0.3708242765E+01
   17180     3435.8000     -0.4335855266E-14     -0.1297544522E-14     -0.3708299794E+01
   17200     3439.8000     -0.3671982283E-14     -0.1071568051E-14     -0.3708337532E+01
   17220     3443.8000     -0.2616730555E-14     -0.7494214126E-15     -0.3708315457E+01
   17240     3447.8000     -0.2831924990E-14     -0.8432344628E-15     -0.3708255996E+01
   17260     3451.8000     -0.4271398354E-14     -0.1302026583E-14     -0.3708212330E+01
   17280     3455.8000     -0.5257154745E-14     -0.1582801394E-14     -0.3708198564E+01
   17300     3459.8000     -0.4429934021E-14     -0.1293900493E-14     -0.3708183262E+01
   17320     3463.8000     -0.2528946522E-14     -0.7113149807E-15     -0.3708143745E+01
   17340     3467.8000     -0.1763146977E-14     -0.5162358408E-15     -0.3708097200E+01
   17360     3471.8000     -0.2979939314E-14     -0.9178951493E-15     -0.3708076667E+01
   17380     3475.8000     -0.4558212432E-14     -0.1381493542E-14     -0.3708096004E+01
   17400     3479.8000     -0.4875991548E-14     -0.1434274910E-14     -0.3708141126E+01
   17420     3483.8000     -0.4248579353E-14     -0.1226723609E-14     -0.3708184816E+01
   17440     3487.8000     -0.3468601892E-14     -0.1018887911E-14     -0.3708211339E+01
   17460     3491.8000     -0.2553319752E-14     -0.7795248773E-15     -0.3708231680E+01
   17480     3495.8000     -0.2076344376E-14     -0.6383120849E-15     -0.3708266100E+01
   17500     3499.8000     -0.3261155923E-14     -0.9651387315E-15     -0.3708307929E+01
   17520     3503.8000     -0.5434160789E-14     -0.1594084234E-14     -0.3708322653E+01
   17540     3507.8000     -0.5921931360E-14     -0.1747214584E-14     -0.3708293806E+01
   17560     3511.8000     -0.3815956378E-14     -0.1141553203E-14     -0.3708248891E+01
   17580     3515.8000     -0.1521010660E-14     -0.4681804281E-15     -0.3708220737E+01
   17600     3519.8000     -0.1510384385E-14     -0.4515392207E-15     -0.3708202013E+01
   17620     3523.8000     -0.3536430386E-14     -0.1033733037E-14     -0.3708164579E+01
   17640     3527.8000     -0.5549766597E-14     -0.1632649982E-14     -0.3708111793E+01
   17660     3531.8000     -0.5688251763E-14     -0.1695889972E-14     -0.3708080687E+01
   17680     3535.8000     -0.3607978895E-14     -0.1090042603E-14     -0.3708092707E+01
   17700     3539.8000     -0.1324957358E-14     -0.3958489860E-15     -0.3708128336E+01
   17720     3543.8000     -0.1635627969E-14     -0.4679787199E-15     -0.3708157036E+01
   17740     3547.8000     -0.4295808453E-14     -0.1262400290E-14     -0.3708174169E+01
   17760     3551.8000     -0.5753017446E-14     -0.1713959003E-14     -0.3708199067E+01
   17780     3555.8000     -0.4249813750E-14     -0.1273631114E-14     -0.3708245299E+01
   17800     3559.8000     -0.2464924713E-14     -0.7355957247E-15     -0.3708299205E+01
   17820     3563.8000     -0.3030334895E-14     -0.8977743563E-15     -0.3708327527E+01
   17840     3567.8000     -0.4441468071E-14     -0.1315037841E-14     -0.3708309891E+01
   17860     3571.8000     -0.4073453725E-14     -0.1200977367E-14     -0.3708264638E+01
   17880     3575.8000     -0.2639056004E-14     -0.7751896932E-15     -0.3708231377E+01
   17900     3579.8000     -0.2703455870E-14     -0.8091032440E-15     -0.3708222305E+01
   17920     3583.8000     -0.4436007791E-14     -0.1337417461E-14     -0.3708206463E+01
   17940     3587.8000     -0.5426567087E-14     -0.1619704471E-14     -0.3708155987E+01
   17960     3591.8000     -0.4131677876E-14     -0.1205676548E-14     -0.3708093063E+01
   17980     3595.8000     -0.1904283278E-14     -0.5361421375E-15     -0.3708068107E+01
   18000     3599.8000     -0.1426436849E-14     -0.4243056131E-15     -0.3708097026E+01
   18020     3603.8000     -0.3458907845E-14     -0.1059864039E-14     -0.3708144327E+01
   18040     3607.8000     -0.5652855430E-14     -0.1700222505E-14     -0.3708171653E+01
   18060     3611.8000     -0.5406575940E-14     -0.1584327443E-14     -0.3708182338E+01
   18080     3615.8000     -0.3311283603E-14     -0.9461217501E-15     -0.3708206962E+01
   18100     3619.8000     -0.2052568835E-14     -0.6064305070E-15     -0.3708257190E+01
   18120     3623.8000     -0.2531662174E-14     -0.7848273791E-15     -0.3708307959E+01
   18140     3627.8000     -0.3490210287E-14     -0.1057566443E-14     -0.3708324766E+01
   18160     3631.8000     -0.4297914666E-14     -0.1258311695E-14     -0.3708300658E+01
   18180     3635.8000     -0.5125894587E-14     -0.1494576238E-14     -0.3708261239E+01
   18200     3639.8000     -0.5005270789E-14     -0.1486731240E-14     -0.3708233152E+01
   18220     3643.8000     -0.3068333073E-14     -0.9329560462E-15     -0.3708213883E+01
   18240     3647.8000     -0.1196599132E-14     -0.3657326713E-15     -0.3708181320E+01
   18260     3651.8000     -0.2032894438E-14     -0.5912444683E-15     -0.3708131288E+01
   18280     3655.8000     -0.4764590039E-14     -0.1397366751E-14     -0.3708091029E+01
   18300     3659.8000     -0.6018639841E-14     -0.1784049547E-14     -0.3708087497E+01
   18320     3663.8000     -0.4544331494E-14     -0.1361789380E-14     -0.3708113876E+01
   18340     3667.8000     -0.2338278192E-14     -0.7071466951E-15     -0.3708141525E+01
   18360     3671.8000     -0.1629562599E-14     -0.4805828619E-15     -0.3708159601E+01
   18380     3675.8000     -0.2812204468E-14     -0.8167276609E-15     -0.3708185916E+01
   18400     3679.8000     -0.4670508897E-14     -0.1374807966E-14     -0.3708235074E+01
   18420     3683.8000     -0.5340013058E-14     -0.1595512416E-14     -0.3708289855E+01
   18440     3687.8000     -0.4080125010E-14     -0.1230685930E-14     -0.3708316141E+01
   18460     3691.8000     -0.2581055721E-14     -0.7706995230E-15     -0.3708302616E+01
   18480     3695.8000     -0.2883030963E-14     -0.8423244155E-15     -0.3708273573E+01
   18500     3699.8000     -0.4177983293E-14     -0.1226738898E-14     -0.3708257068E+01
   18520     3703.8000     -0.4109402707E-14     -0.1218938934E-14     -0.3708248483E+01
   18540     3707.8000     -0.2870813250E-14     -0.8605315395E-15     -0.3708218378E+01
   18560     3711.8000     -0.2903771490E-14     -0.8718597995E-15     -0.3708157184E+01
   18580     3715.8000     -0.4553730087E-14     -0.1357193029E-14     -0.3708097377E+01
   18600     3719.8000     -0.5249115153E-14     -0.1552849992E-14     -0.3708079721E+01
   18620     3723.8000     -0.3556411317E-14     -0.1039385581E-14     -0.3708105488E+01
   18640     3727.8000     -0.1461044724E-14     -0.4207590160E-15     -0.3708137747E+01
   18660     3731.8000     -0.1701802667E-14     -0.5130237835E-15     -0.3708149558E+01
   18680     3735.8000     -0.4268948475E-14     -0.1291302051E-14     -0.3708155456E+01
   18700     3739.8000     -0.6310618088E-14     -0.1884694443E-14     -0.3708187644E+01
   18720     3743.8000     -0.5338421681E-14     -0.1564516977E-14     -0.3708250211E+01
   18740     3747.8000     -0.2357440440E-14     -0.6700443625E-15     -0.3708308344E+01
   18760     3751.8000     -0.9613758520E-15     -0.2865524545E-15     -0.3708324140E+01
   18780     3755.8000     -0.2734125519E-14     -0.8457295816E-15     -0.3708297049E+01
   18800     3759.8000     -0.5165361346E-14     -0.1554275646E-14     -0.3708262282E+01
   18820     3763.8000     -0.5443690472E-14     -0.1593204364E-14     -0.3708247544E+01
   18840     3767.8000     -0.4144055653E-14     -0.1196330320E-14     -0.3708239636E+01
   18860     3771.8000     -0.3185687003E-14     -0.9499132993E-15     -0.3708205536E+01
   18880     3775.8000     -0.2661052117E-14     -0.8239219986E-15     -0.3708143152E+01
   18900     3779.8000     -0.2209824114E-14     -0.6677681977E-15     -0.3708091874E+01
   18920     3783.8000     -0.2910019167E-14     -0.8371644286E-15     -0.3708085125E+01
   18940     3787.8000     -0.4930940930E-14     -0.1438814635E-14     -0.3708110660E+01
   18960     3791.8000     -0.5799951412E-14     -0.1731769712E-14     -0.3708133791E+01
   18980     3795.8000     -0.3925862775E-14     -0.1192103511E-14     -0.3708146325E+01
   19000     3799.8000     -0.1597223445E-14     -0.4806546929E-15     -0.3708170424E+01
   19020     3803.8000     -0.1779320785E-14     -0.5089059323E-15     -0.3708218627E+01
   19040     3807.8000     -0.3929022499E-14     -0.1146662885E-14     -0.3708272064E+01
   19060     3811.8000     -0.5312083576E-14     -0.1578694351E-14     -0.3708302801E+01
   19080     3815.8000     -0.4777579014E-14     -0.1438097285E-14     -0.3708303501E+01
   19100     3819.8000     -0.3403370206E-14     -0.1026273846E-14     -0.3708288811E+01
   19120     3823.8000     -0.2678056647E-14     -0.7896347491E-15     -0.3708274481E+01
   19140     3827.8000     -0.3137565177E-14     -0.9106893662E-15     -0.3708259119E+01
   19160     3831.8000     -0.3971845685E-14     -0.1166239335E-14     -0.3708226604E+01
   19180     3835.8000     -0.3917566845E-14     -0.1171465621E-14     -0.3708170491E+01
   19200     3839.8000     -0.3167820496E-14     -0.9589838561E-15     -0.3708114290E+01
   19220     3843.8000     -0.3313518918E-14     -0.9916629980E-15     -0.3708092996E+01
   19240     3847.8000     -0.4523041081E-14     -0.1333040540E-14     -0.3708109511E+01
   19260     3851.8000     -0.4709449545E-14     -0.1381066910E-14     -0.3708128598E+01
   19280     3855.8000     -0.2920639976E-14     -0.8580945953E-15     -0.3708127309E+01
   19300     3859.8000     -0.1425117853E-14     -0.4293697939E-15     -0.3708131010E+01
   19320     3863.8000     -0.2561103253E-14     -0.7753606346E-15     -0.3708175820E+01
   19340     3867.8000     -0.5218506247E-14     -0.1558250788E-14     -0.3708249901E+01
   19360     3871.8000     -0.6254608476E-14     -0.1850339822E-14     -0.3708302209E+01
   19380     3875.8000     -0.4399085141E-14     -0.1289509295E-14     -0.3708305820E+01
   19400     3879.8000     -0.1610380723E-14     -0.4682005220E-15     -0.3708284522E+01
   19420     3883.8000     -0.9760907846E-15     -0.2987547647E-15     -0.3708273074E+01
   19440     3887.8000     -0.3377796965E-14     -0.1023251772E-14     -0.3708274022E+01
   19460     3891.8000     -0.6123704202E-14     -0.1825376996E-14     -0.3708262170E+01
   19480     3895.8000     -0.5907422943E-14     -0.1734768398E-14     -0.3708218172E+01
   19500     3899.8000     -0.3178981048E-14     -0.9205224815E-15     -0.3708151935E+01
   19520     3903.8000     -0.1504158100E-14     -0.4527570518E-15     -0.3708098707E+01
   19540     3907.8000     -0.2407128456E-14     -0.7441585996E-15     -0.3708088519E+01
   19560     3911.8000     -0.3832063111E-14     -0.1145986563E-14     -0.3708113113E+01
   19580     3915.8000     -0.4195044154E-14     -0.1215594735E-14     -0.3708134070E+01
   19600     3919.8000     -0.4337153636E-14     -0.1261580664E-14     -0.3708134144E+01
   19620     3923.8000     -0.4574232043E-14     -0.1375392758E-14     -0.3708143124E+01
   19640     3927.8000     -0.3683171944E-14     -0.1129187440E-14     -0.3708192616E+01
   19660     3931.8000     -0.2052394893E-14     -0.6103756705E-15     -0.3708262547E+01
   19680     3935.8000     -0.2100704829E-14     -0.5885260571E-15     -0.3708303145E+01
   19700     3939.8000     -0.4206023400E-14     -0.1227172096E-14     -0.3708300601E+01
   19720     3943.8000     -0.5601893518E-14     -0.1682826867E-14     -0.3708286534E+01
   19740     3947.8000     -0.4581022600E-14     -0.1391956339E-14     -0.3708283362E+01
   19760     3951.8000     -0.2832116433E-14     -0.8445387830E-15     -0.3708274845E+01
   19780     3955.8000     -0.2504850246E-14     -0.7186156086E-15     -0.3708239360E+01
   19800     3959.8000     -0.3397362106E-14     -0.9870727472E-15     -0.3708184679E+01
   19820     3963.8000     -0.4017489235E-14     -0.1196922513E-14     -0.3708136672E+01
   19840     3967.8000     -0.3766219791E-14     -0.1138474678E-14     -0.3708111151E+01
   19860     3971.8000     -0.3353240623E-14     -0.1007514509E-14     -0.3708106224E+01
   19880     3975.8000     -0.3677812815E-14     -0.1084585189E-14     -0.3708110437E+01
   19900     3979.8000     -0.4415307589E-14     -0.1294376267E-14     -0.3708114992E+01
   19920     3983.8000     -0.4095428721E-14     -0.1206024976E-14     -0.3708127206E+01
   19940     3987.8000     -0.2446079638E-14     -0.7293250527E-15     -0.3708166070E+01
   19960     3991.8000     -0.1680990533E-14     -0.5107013217E-15     -0.3708230482E+01
   19980     3995.8000     -0.3543219347E-14     -0.1061849162E-14     -0.3708283798E+01
   20000     3999.8000     -0.6066948189E-14     -0.1799658960E-14     -0.3708293931E+01
