#   istep time <H(t)>-E_gs(0) DE_vac(t) DG_eq(t) DG_neq(t)  Const  Rad. Int  Rad. Ene
    1000      199.8000      0.24492407E+00      0.24246151E+00      0.24369279E+00      0.24399178E+00      0.24388127E+00      0.00000000E+00      0.00000000E+00
    2000      399.8000      0.24488948E+00      0.24246149E+00      0.24367549E+00      0.24391003E+00      0.24388127E+00      0.00000000E+00      0.00000000E+00
    3000      599.8000      0.24485565E+00      0.24246148E+00      0.24365856E+00      0.24383009E+00      0.24388127E+00      0.00000000E+00      0.00000000E+00
    4000      799.8000      0.24482258E+00      0.24246147E+00      0.24364202E+00      0.24375194E+00      0.24388127E+00      0.00000000E+00      0.00000000E+00
    5000      999.8000      0.24479024E+00      0.24246145E+00      0.24362585E+00      0.24367552E+00      0.24388127E+00      0.00000000E+00      0.00000000E+00
    6000     1199.8000      0.24475863E+00      0.24246144E+00      0.24361003E+00      0.24360080E+00      0.24388127E+00      0.00000000E+00      0.00000000E+00
    7000     1399.8000      0.24472771E+00      0.24246143E+00      0.24359457E+00      0.24352775E+00      0.24388127E+00      0.00000000E+00      0.00000000E+00
    8000     1599.8000      0.24469748E+00      0.24246142E+00      0.24357945E+00      0.24345632E+00      0.24388127E+00      0.00000000E+00      0.00000000E+00
    9000     1799.8000      0.24466793E+00      0.24246142E+00      0.24356467E+00      0.24338648E+00      0.24388127E+00      0.00000000E+00      0.00000000E+00
   10000     1999.8000      0.24463903E+00      0.24246141E+00      0.24355022E+00      0.24331820E+00      0.24388127E+00      0.00000000E+00      0.00000000E+00
   11000     2199.8000      0.24461077E+00      0.24246140E+00      0.24353609E+00      0.24325143E+00      0.24388127E+00      0.00000000E+00      0.00000000E+00
   12000     2399.8000      0.24458314E+00      0.24246140E+00      0.24352227E+00      0.24318615E+00      0.24388127E+00      0.00000000E+00      0.00000000E+00
   13000     2599.8000      0.24455613E+00      0.24246139E+00      0.24350876E+00      0.24312232E+00      0.24388127E+00      0.00000000E+00      0.00000000E+00
   14000     2799.8000      0.24452972E+00      0.24246139E+00      0.24349556E+00      0.24305991E+00      0.24388127E+00      0.00000000E+00      0.00000000E+00
   15000     2999.8000      0.24450389E+00      0.24246139E+00      0.24348264E+00      0.24299889E+00      0.24388127E+00      0.00000000E+00      0.00000000E+00
   16000     3199.8000      0.24447864E+00      0.24246139E+00      0.24347002E+00      0.24293923E+00      0.24388127E+00      0.00000000E+00      0.00000000E+00
   17000     3399.8000      0.24445395E+00      0.24246139E+00      0.24345767E+00      0.24288090E+00      0.24388127E+00      0.00000000E+00      0.00000000E+00
   18000     3599.8000      0.24442982E+00      0.24246139E+00      0.24344560E+00      0.24282387E+00      0.24388127E+00      0.00000000E+00      0.00000000E+00
   19000     3799.8000      0.24440621E+00      0.24246139E+00      0.24343380E+00      0.24276810E+00      0.24388127E+00      0.00000000E+00      0.00000000E+00
   20000     3999.8000      0.24438314E+00      0.24246139E+00      0.24342226E+00      0.24271358E+00      0.24388127E+00      0.00000000E+00      0.00000000E+00
   21000     4199.8000      0.24436057E+00      0.24246139E+00      0.24341098E+00      0.24266026E+00      0.24388127E+00      0.00000000E+00      0.00000000E+00
   22000     4399.8000      0.24433851E+00      0.24246139E+00      0.24339995E+00      0.24260814E+00      0.24388127E+00      0.00000000E+00      0.00000000E+00
   23000     4599.8000      0.24431694E+00      0.24246139E+00      0.24338916E+00      0.24255717E+00      0.24388127E+00      0.00000000E+00      0.00000000E+00
   24000     4799.8000      0.24429584E+00      0.24246140E+00      0.24337862E+00      0.24250734E+00      0.24388127E+00      0.00000000E+00      0.00000000E+00
   25000     4999.8000      0.24427522E+00      0.24246140E+00      0.24336831E+00      0.24245862E+00      0.24388127E+00      0.00000000E+00      0.00000000E+00
   26000     5199.8000      0.24425506E+00      0.24246140E+00      0.24335823E+00      0.24241099E+00      0.24388127E+00      0.00000000E+00      0.00000000E+00
   27000     5399.8000      0.24423534E+00      0.24246140E+00      0.24334837E+00      0.24236441E+00      0.24388127E+00      0.00000000E+00      0.00000000E+00
   28000     5599.8000      0.24421606E+00      0.24246141E+00      0.24333874E+00      0.24231887E+00      0.24388127E+00      0.00000000E+00      0.00000000E+00
   29000     5799.8000      0.24419721E+00      0.24246141E+00      0.24332931E+00      0.24227434E+00      0.24388127E+00      0.00000000E+00      0.00000000E+00
   30000     5999.8000      0.24417879E+00      0.24246142E+00      0.24332010E+00      0.24223081E+00      0.24388127E+00      0.00000000E+00      0.00000000E+00
   31000     6199.8000      0.24416077E+00      0.24246142E+00      0.24331109E+00      0.24218824E+00      0.24388127E+00      0.00000000E+00      0.00000000E+00
   32000     6399.8000      0.24414315E+00      0.24246143E+00      0.24330229E+00      0.24214662E+00      0.24388127E+00      0.00000000E+00      0.00000000E+00
   33000     6599.8000      0.24412592E+00      0.24246143E+00      0.24329368E+00      0.24210593E+00      0.24388127E+00      0.00000000E+00      0.00000000E+00
   34000     6799.8000      0.24410908E+00      0.24246144E+00      0.24328526E+00      0.24206614E+00      0.24388127E+00      0.00000000E+00      0.00000000E+00
   35000     6999.8000      0.24409261E+00      0.24246144E+00      0.24327703E+00      0.24202724E+00      0.24388127E+00      0.00000000E+00      0.00000000E+00
   36000     7199.8000      0.24407651E+00      0.24246145E+00      0.24326898E+00      0.24198920E+00      0.24388127E+00      0.00000000E+00      0.00000000E+00
   37000     7399.8000      0.24406077E+00      0.24246145E+00      0.24326111E+00      0.24195201E+00      0.24388127E+00      0.00000000E+00      0.00000000E+00
   38000     7599.8000      0.24404538E+00      0.24246146E+00      0.24325342E+00      0.24191565E+00      0.24388127E+00      0.00000000E+00      0.00000000E+00
   39000     7799.8000      0.24403032E+00      0.24246146E+00      0.24324589E+00      0.24188010E+00      0.24388127E+00      0.00000000E+00      0.00000000E+00
   40000     7999.8000      0.24401561E+00      0.24246147E+00      0.24323854E+00      0.24184534E+00      0.24388127E+00      0.00000000E+00      0.00000000E+00
   41000     8199.8000      0.24400122E+00      0.24246147E+00      0.24323135E+00      0.24181135E+00      0.24388127E+00      0.00000000E+00      0.00000000E+00
   42000     8399.8000      0.24398715E+00      0.24246148E+00      0.24322432E+00      0.24177812E+00      0.24388127E+00      0.00000000E+00      0.00000000E+00
   43000     8599.8000      0.24397340E+00      0.24246149E+00      0.24321744E+00      0.24174563E+00      0.24388127E+00      0.00000000E+00      0.00000000E+00
   44000     8799.8000      0.24395995E+00      0.24246149E+00      0.24321072E+00      0.24171386E+00      0.24388127E+00      0.00000000E+00      0.00000000E+00
   45000     8999.8000      0.24394680E+00      0.24246150E+00      0.24320415E+00      0.24168280E+00      0.24388127E+00      0.00000000E+00      0.00000000E+00
   46000     9199.8000      0.24393394E+00      0.24246150E+00      0.24319772E+00      0.24165243E+00      0.24388127E+00      0.00000000E+00      0.00000000E+00
   47000     9399.8000      0.24392137E+00      0.24246151E+00      0.24319144E+00      0.24162274E+00      0.24388127E+00      0.00000000E+00      0.00000000E+00
   48000     9599.8000      0.24390908E+00      0.24246151E+00      0.24318530E+00      0.24159371E+00      0.24388127E+00      0.00000000E+00      0.00000000E+00
   49000     9799.8000      0.24389706E+00      0.24246152E+00      0.24317929E+00      0.24156532E+00      0.24388127E+00      0.00000000E+00      0.00000000E+00
   50000     9999.8000      0.24388531E+00      0.24246152E+00      0.24317342E+00      0.24153757E+00      0.24388127E+00      0.00000000E+00      0.00000000E+00
   51000    10199.8000      0.24387382E+00      0.24246153E+00      0.24316768E+00      0.24151043E+00      0.24388127E+00      0.00000000E+00      0.00000000E+00
   52000    10399.8000      0.24386259E+00      0.24246154E+00      0.24316206E+00      0.24148390E+00      0.24388127E+00      0.00000000E+00      0.00000000E+00
   53000    10599.8000      0.24385161E+00      0.24246154E+00      0.24315658E+00      0.24145795E+00      0.24388127E+00      0.00000000E+00      0.00000000E+00
   54000    10799.8000      0.24384087E+00      0.24246155E+00      0.24315121E+00      0.24143259E+00      0.24388127E+00      0.00000000E+00      0.00000000E+00
   55000    10999.8000      0.24383037E+00      0.24246155E+00      0.24314596E+00      0.24140779E+00      0.24388127E+00      0.00000000E+00      0.00000000E+00
   56000    11199.8000      0.24382010E+00      0.24246156E+00      0.24314083E+00      0.24138354E+00      0.24388127E+00      0.00000000E+00      0.00000000E+00
   57000    11399.8000      0.24381007E+00      0.24246157E+00      0.24313582E+00      0.24135984E+00      0.24388127E+00      0.00000000E+00      0.00000000E+00
   58000    11599.8000      0.24380025E+00      0.24246157E+00      0.24313091E+00      0.24133666E+00      0.24388127E+00      0.00000000E+00      0.00000000E+00
   59000    11799.8000      0.24379066E+00      0.24246158E+00      0.24312612E+00      0.24131399E+00      0.24388127E+00      0.00000000E+00      0.00000000E+00
   60000    11999.8000      0.24378128E+00      0.24246158E+00      0.24312143E+00      0.24129183E+00      0.24388127E+00      0.00000000E+00      0.00000000E+00
   61000    12199.8000      0.24377210E+00      0.24246159E+00      0.24311685E+00      0.24127017E+00      0.24388127E+00      0.00000000E+00      0.00000000E+00
   62000    12399.8000      0.24376313E+00      0.24246159E+00      0.24311236E+00      0.24124898E+00      0.24388127E+00      0.00000000E+00      0.00000000E+00
   63000    12599.8000      0.24375436E+00      0.24246160E+00      0.24310798E+00      0.24122827E+00      0.24388127E+00      0.00000000E+00      0.00000000E+00
   64000    12799.8000      0.24374579E+00      0.24246161E+00      0.24310370E+00      0.24120802E+00      0.24388127E+00      0.00000000E+00      0.00000000E+00
   65000    12999.8000      0.24373741E+00      0.24246161E+00      0.24309951E+00      0.24118822E+00      0.24388127E+00      0.00000000E+00      0.00000000E+00
   66000    13199.8000      0.24372921E+00      0.24246162E+00      0.24309541E+00      0.24116886E+00      0.24388127E+00      0.00000000E+00      0.00000000E+00
   67000    13399.8000      0.24372119E+00      0.24246162E+00      0.24309141E+00      0.24114993E+00      0.24388127E+00      0.00000000E+00      0.00000000E+00
   68000    13599.8000      0.24371336E+00      0.24246162E+00      0.24308749E+00      0.24113142E+00      0.24388127E+00      0.00000000E+00      0.00000000E+00
   69000    13799.8000      0.24370570E+00      0.24246163E+00      0.24308366E+00      0.24111333E+00      0.24388127E+00      0.00000000E+00      0.00000000E+00
   70000    13999.8000      0.24369821E+00      0.24246163E+00      0.24307992E+00      0.24109564E+00      0.24388127E+00      0.00000000E+00      0.00000000E+00
   71000    14199.8000      0.24369088E+00      0.24246164E+00      0.24307626E+00      0.24107834E+00      0.24388127E+00      0.00000000E+00      0.00000000E+00
   72000    14399.8000      0.24368372E+00      0.24246165E+00      0.24307268E+00      0.24106142E+00      0.24388127E+00      0.00000000E+00      0.00000000E+00
   73000    14599.8000      0.24367672E+00      0.24246165E+00      0.24306918E+00      0.24104489E+00      0.24388127E+00      0.00000000E+00      0.00000000E+00
   74000    14799.8000      0.24366987E+00      0.24246166E+00      0.24306576E+00      0.24102872E+00      0.24388127E+00      0.00000000E+00      0.00000000E+00
   75000    14999.8000      0.24366318E+00      0.24246166E+00      0.24306242E+00      0.24101291E+00      0.24388127E+00      0.00000000E+00      0.00000000E+00
   76000    15199.8000      0.24365663E+00      0.24246166E+00      0.24305915E+00      0.24099745E+00      0.24388127E+00      0.00000000E+00      0.00000000E+00
   77000    15399.8000      0.24365023E+00      0.24246167E+00      0.24305595E+00      0.24098234E+00      0.24388127E+00      0.00000000E+00      0.00000000E+00
   78000    15599.8000      0.24364398E+00      0.24246167E+00      0.24305282E+00      0.24096756E+00      0.24388127E+00      0.00000000E+00      0.00000000E+00
   79000    15799.8000      0.24363786E+00      0.24246168E+00      0.24304977E+00      0.24095311E+00      0.24388127E+00      0.00000000E+00      0.00000000E+00
   80000    15999.8000      0.24363188E+00      0.24246168E+00      0.24304678E+00      0.24093899E+00      0.24388127E+00      0.00000000E+00      0.00000000E+00
   81000    16199.8000      0.24362603E+00      0.24246168E+00      0.24304386E+00      0.24092518E+00      0.24388127E+00      0.00000000E+00      0.00000000E+00
   82000    16399.8000      0.24362031E+00      0.24246169E+00      0.24304100E+00      0.24091167E+00      0.24388127E+00      0.00000000E+00      0.00000000E+00
   83000    16599.8000      0.24361472E+00      0.24246169E+00      0.24303821E+00      0.24089847E+00      0.24388127E+00      0.00000000E+00      0.00000000E+00
   84000    16799.8000      0.24360926E+00      0.24246170E+00      0.24303548E+00      0.24088556E+00      0.24388127E+00      0.00000000E+00      0.00000000E+00
   85000    16999.8000      0.24360391E+00      0.24246170E+00      0.24303281E+00      0.24087294E+00      0.24388127E+00      0.00000000E+00      0.00000000E+00
   86000    17199.8000      0.24359869E+00      0.24246170E+00      0.24303020E+00      0.24086060E+00      0.24388127E+00      0.00000000E+00      0.00000000E+00
   87000    17399.8000      0.24359358E+00      0.24246171E+00      0.24302764E+00      0.24084853E+00      0.24388127E+00      0.00000000E+00      0.00000000E+00
   88000    17599.8000      0.24358858E+00      0.24246171E+00      0.24302515E+00      0.24083674E+00      0.24388127E+00      0.00000000E+00      0.00000000E+00
   89000    17799.8000      0.24358370E+00      0.24246172E+00      0.24302271E+00      0.24082520E+00      0.24388127E+00      0.00000000E+00      0.00000000E+00
   90000    17999.8000      0.24357892E+00      0.24246172E+00      0.24302032E+00      0.24081392E+00      0.24388127E+00      0.00000000E+00      0.00000000E+00
   91000    18199.8000      0.24357426E+00      0.24246172E+00      0.24301799E+00      0.24080290E+00      0.24388127E+00      0.00000000E+00      0.00000000E+00
   92000    18399.8000      0.24356969E+00      0.24246173E+00      0.24301571E+00      0.24079211E+00      0.24388127E+00      0.00000000E+00      0.00000000E+00
   93000    18599.8000      0.24356523E+00      0.24246173E+00      0.24301348E+00      0.24078157E+00      0.24388127E+00      0.00000000E+00      0.00000000E+00
   94000    18799.8000      0.24356086E+00      0.24246173E+00      0.24301130E+00      0.24077127E+00      0.24388127E+00      0.00000000E+00      0.00000000E+00
   95000    18999.8000      0.24355659E+00      0.24246174E+00      0.24300917E+00      0.24076119E+00      0.24388127E+00      0.00000000E+00      0.00000000E+00
   96000    19199.8000      0.24355242E+00      0.24246174E+00      0.24300708E+00      0.24075134E+00      0.24388127E+00      0.00000000E+00      0.00000000E+00
   97000    19399.8000      0.24354834E+00      0.24246175E+00      0.24300504E+00      0.24074170E+00      0.24388127E+00      0.00000000E+00      0.00000000E+00
   98000    19599.8000      0.24354435E+00      0.24246175E+00      0.24300305E+00      0.24073228E+00      0.24388127E+00      0.00000000E+00      0.00000000E+00
   99000    19799.8000      0.24354046E+00      0.24246175E+00      0.24300110E+00      0.24072307E+00      0.24388127E+00      0.00000000E+00      0.00000000E+00
  100000    19999.8000      0.24353664E+00      0.24246176E+00      0.24299920E+00      0.24071407E+00      0.24388127E+00      0.00000000E+00      0.00000000E+00
