#   istep time <H(t)>-E_gs(0) DE_vac(t) DG_eq(t) DG_neq(t)  Const  Rad. Int  Rad. Ene
      50        9.8000      0.24471492E+00      0.24237295E+00      0.24354394E+00      0.24349136E+00      0.24381938E+00      0.00000000E+00      0.00000000E+00
     100       19.8000      0.24450119E+00      0.24237294E+00      0.24343706E+00      0.24299537E+00      0.24381938E+00      0.00000000E+00      0.00000000E+00
     150       29.8000      0.24431832E+00      0.24237294E+00      0.24334563E+00      0.24257122E+00      0.24381938E+00      0.00000000E+00      0.00000000E+00
     200       39.8000      0.24416182E+00      0.24237299E+00      0.24326740E+00      0.24220845E+00      0.24381939E+00      0.00000000E+00      0.00000000E+00
     250       49.8000      0.24402786E+00      0.24237309E+00      0.24320048E+00      0.24189814E+00      0.24381939E+00      0.00000000E+00      0.00000000E+00
     300       59.8000      0.24391318E+00      0.24237325E+00      0.24314322E+00      0.24163268E+00      0.24381939E+00      0.00000000E+00      0.00000000E+00
     350       69.8000      0.24381503E+00      0.24237342E+00      0.24309422E+00      0.24140556E+00      0.24381939E+00      0.00000000E+00      0.00000000E+00
     400       79.8000      0.24373104E+00      0.24237357E+00      0.24305231E+00      0.24121127E+00      0.24381939E+00      0.00000000E+00      0.00000000E+00
     450       89.8000      0.24365923E+00      0.24237364E+00      0.24301643E+00      0.24104507E+00      0.24381939E+00      0.00000000E+00      0.00000000E+00
     500       99.8000      0.24359786E+00      0.24237360E+00      0.24298573E+00      0.24090295E+00      0.24381939E+00      0.00000000E+00      0.00000000E+00
     550      109.8000      0.24354544E+00      0.24237347E+00      0.24295946E+00      0.24078145E+00      0.24381939E+00      0.00000000E+00      0.00000000E+00
     600      119.8000      0.24350067E+00      0.24237328E+00      0.24293697E+00      0.24067761E+00      0.24381939E+00      0.00000000E+00      0.00000000E+00
     650      129.8000      0.24346242E+00      0.24237309E+00      0.24291775E+00      0.24058888E+00      0.24381939E+00      0.00000000E+00      0.00000000E+00
     700      139.8000      0.24342972E+00      0.24237295E+00      0.24290133E+00      0.24051306E+00      0.24381939E+00      0.00000000E+00      0.00000000E+00
     750      149.8000      0.24340172E+00      0.24237291E+00      0.24288732E+00      0.24044824E+00      0.24381939E+00      0.00000000E+00      0.00000000E+00
     800      159.8000      0.24337772E+00      0.24237300E+00      0.24287536E+00      0.24039281E+00      0.24381939E+00      0.00000000E+00      0.00000000E+00
     850      169.8000      0.24335712E+00      0.24237321E+00      0.24286517E+00      0.24034537E+00      0.24381939E+00      0.00000000E+00      0.00000000E+00
     900      179.8000      0.24333943E+00      0.24237349E+00      0.24285646E+00      0.24030474E+00      0.24381939E+00      0.00000000E+00      0.00000000E+00
     950      189.8000      0.24332426E+00      0.24237378E+00      0.24284902E+00      0.24026992E+00      0.24381939E+00      0.00000000E+00      0.00000000E+00
    1000      199.8000      0.24331126E+00      0.24237399E+00      0.24284262E+00      0.24024008E+00      0.24381939E+00      0.00000000E+00      0.00000000E+00
    1050      209.8000      0.24330016E+00      0.24237409E+00      0.24283712E+00      0.24021453E+00      0.24381939E+00      0.00000000E+00      0.00000000E+00
    1100      219.8000      0.24329071E+00      0.24237404E+00      0.24283237E+00      0.24019267E+00      0.24381939E+00      0.00000000E+00      0.00000000E+00
    1150      229.8000      0.24328269E+00      0.24237385E+00      0.24282827E+00      0.24017401E+00      0.24381939E+00      0.00000000E+00      0.00000000E+00
    1200      239.8000      0.24327590E+00      0.24237358E+00      0.24282474E+00      0.24015810E+00      0.24381939E+00      0.00000000E+00      0.00000000E+00
    1250      249.8000      0.24327014E+00      0.24237330E+00      0.24282172E+00      0.24014456E+00      0.24381939E+00      0.00000000E+00      0.00000000E+00
    1300      259.8000      0.24326524E+00      0.24237308E+00      0.24281916E+00      0.24013304E+00      0.24381939E+00      0.00000000E+00      0.00000000E+00
    1350      269.8000      0.24326102E+00      0.24237298E+00      0.24281700E+00      0.24012322E+00      0.24381939E+00      0.00000000E+00      0.00000000E+00
    1400      279.8000      0.24325737E+00      0.24237302E+00      0.24281519E+00      0.24011483E+00      0.24381939E+00      0.00000000E+00      0.00000000E+00
    1450      289.8000      0.24325418E+00      0.24237320E+00      0.24281369E+00      0.24010763E+00      0.24381939E+00      0.00000000E+00      0.00000000E+00
    1500      299.8000      0.24325138E+00      0.24237348E+00      0.24281243E+00      0.24010142E+00      0.24381939E+00      0.00000000E+00      0.00000000E+00
    1550      309.8000      0.24324894E+00      0.24237378E+00      0.24281136E+00      0.24009605E+00      0.24381939E+00      0.00000000E+00      0.00000000E+00
    1600      319.8000      0.24324683E+00      0.24237403E+00      0.24281043E+00      0.24009139E+00      0.24381939E+00      0.00000000E+00      0.00000000E+00
    1650      329.8000      0.24324504E+00      0.24237415E+00      0.24280960E+00      0.24008737E+00      0.24381939E+00      0.00000000E+00      0.00000000E+00
    1700      339.8000      0.24324355E+00      0.24237413E+00      0.24280884E+00      0.24008392E+00      0.24381939E+00      0.00000000E+00      0.00000000E+00
    1750      349.8000      0.24324233E+00      0.24237397E+00      0.24280815E+00      0.24008099E+00      0.24381939E+00      0.00000000E+00      0.00000000E+00
    1800      359.8000      0.24324136E+00      0.24237370E+00      0.24280753E+00      0.24007853E+00      0.24381939E+00      0.00000000E+00      0.00000000E+00
    1850      369.8000      0.24324058E+00      0.24237340E+00      0.24280699E+00      0.24007648E+00      0.24381939E+00      0.00000000E+00      0.00000000E+00
    1900      379.8000      0.24323994E+00      0.24237315E+00      0.24280655E+00      0.24007480E+00      0.24381939E+00      0.00000000E+00      0.00000000E+00
    1950      389.8000      0.24323939E+00      0.24237300E+00      0.24280620E+00      0.24007340E+00      0.24381939E+00      0.00000000E+00      0.00000000E+00
    2000      399.8000      0.24323887E+00      0.24237300E+00      0.24280594E+00      0.24007222E+00      0.24381939E+00      0.00000000E+00      0.00000000E+00
    2050      409.8000      0.24323837E+00      0.24237316E+00      0.24280576E+00      0.24007119E+00      0.24381939E+00      0.00000000E+00      0.00000000E+00
    2100      419.8000      0.24323788E+00      0.24237342E+00      0.24280565E+00      0.24007027E+00      0.24381939E+00      0.00000000E+00      0.00000000E+00
    2150      429.8000      0.24323740E+00      0.24237372E+00      0.24280556E+00      0.24006942E+00      0.24381939E+00      0.00000000E+00      0.00000000E+00
    2200      439.8000      0.24323696E+00      0.24237398E+00      0.24280547E+00      0.24006863E+00      0.24381939E+00      0.00000000E+00      0.00000000E+00
    2250      449.8000      0.24323659E+00      0.24237415E+00      0.24280537E+00      0.24006791E+00      0.24381939E+00      0.00000000E+00      0.00000000E+00
    2300      459.8000      0.24323630E+00      0.24237416E+00      0.24280523E+00      0.24006727E+00      0.24381939E+00      0.00000000E+00      0.00000000E+00
    2350      469.8000      0.24323612E+00      0.24237403E+00      0.24280507E+00      0.24006674E+00      0.24381939E+00      0.00000000E+00      0.00000000E+00
    2400      479.8000      0.24323603E+00      0.24237378E+00      0.24280491E+00      0.24006633E+00      0.24381939E+00      0.00000000E+00      0.00000000E+00
    2450      489.8000      0.24323601E+00      0.24237348E+00      0.24280475E+00      0.24006603E+00      0.24381939E+00      0.00000000E+00      0.00000000E+00
    2500      499.8000      0.24323603E+00      0.24237321E+00      0.24280462E+00      0.24006584E+00      0.24381939E+00      0.00000000E+00      0.00000000E+00
    2550      509.8000      0.24323604E+00      0.24237303E+00      0.24280453E+00      0.24006573E+00      0.24381939E+00      0.00000000E+00      0.00000000E+00
    2600      519.8000      0.24323602E+00      0.24237299E+00      0.24280451E+00      0.24006566E+00      0.24381939E+00      0.00000000E+00      0.00000000E+00
    2650      529.8000      0.24323595E+00      0.24237311E+00      0.24280453E+00      0.24006559E+00      0.24381939E+00      0.00000000E+00      0.00000000E+00
    2700      539.8000      0.24323582E+00      0.24237334E+00      0.24280458E+00      0.24006549E+00      0.24381939E+00      0.00000000E+00      0.00000000E+00
    2750      549.8000      0.24323565E+00      0.24237364E+00      0.24280465E+00      0.24006534E+00      0.24381939E+00      0.00000000E+00      0.00000000E+00
    2800      559.8000      0.24323547E+00      0.24237393E+00      0.24280470E+00      0.24006516E+00      0.24381939E+00      0.00000000E+00      0.00000000E+00
    2850      569.8000      0.24323531E+00      0.24237412E+00      0.24280471E+00      0.24006495E+00      0.24381939E+00      0.00000000E+00      0.00000000E+00
    2900      579.8000      0.24323519E+00      0.24237418E+00      0.24280468E+00      0.24006474E+00      0.24381939E+00      0.00000000E+00      0.00000000E+00
    2950      589.8000      0.24323516E+00      0.24237408E+00      0.24280462E+00      0.24006457E+00      0.24381939E+00      0.00000000E+00      0.00000000E+00
    3000      599.8000      0.24323519E+00      0.24237385E+00      0.24280452E+00      0.24006446E+00      0.24381939E+00      0.00000000E+00      0.00000000E+00
    3050      609.8000      0.24323528E+00      0.24237356E+00      0.24280442E+00      0.24006442E+00      0.24381939E+00      0.00000000E+00      0.00000000E+00
    3100      619.8000      0.24323539E+00      0.24237327E+00      0.24280433E+00      0.24006445E+00      0.24381939E+00      0.00000000E+00      0.00000000E+00
    3150      629.8000      0.24323550E+00      0.24237306E+00      0.24280428E+00      0.24006452E+00      0.24381939E+00      0.00000000E+00      0.00000000E+00
    3200      639.8000      0.24323557E+00      0.24237299E+00      0.24280428E+00      0.24006462E+00      0.24381939E+00      0.00000000E+00      0.00000000E+00
    3250      649.8000      0.24323558E+00      0.24237306E+00      0.24280432E+00      0.24006471E+00      0.24381939E+00      0.00000000E+00      0.00000000E+00
    3300      659.8000      0.24323552E+00      0.24237328E+00      0.24280440E+00      0.24006475E+00      0.24381939E+00      0.00000000E+00      0.00000000E+00
    3350      669.8000      0.24323541E+00      0.24237356E+00      0.24280449E+00      0.24006473E+00      0.24381939E+00      0.00000000E+00      0.00000000E+00
    3400      679.8000      0.24323527E+00      0.24237386E+00      0.24280456E+00      0.24006464E+00      0.24381939E+00      0.00000000E+00      0.00000000E+00
    3450      689.8000      0.24323513E+00      0.24237408E+00      0.24280461E+00      0.24006452E+00      0.24381939E+00      0.00000000E+00      0.00000000E+00
    3500      699.8000      0.24323504E+00      0.24237418E+00      0.24280461E+00      0.24006438E+00      0.24381939E+00      0.00000000E+00      0.00000000E+00
    3550      709.8000      0.24323500E+00      0.24237412E+00      0.24280456E+00      0.24006426E+00      0.24381939E+00      0.00000000E+00      0.00000000E+00
    3600      719.8000      0.24323504E+00      0.24237392E+00      0.24280448E+00      0.24006418E+00      0.24381939E+00      0.00000000E+00      0.00000000E+00
    3650      729.8000      0.24323514E+00      0.24237364E+00      0.24280439E+00      0.24006416E+00      0.24381939E+00      0.00000000E+00      0.00000000E+00
    3700      739.8000      0.24323527E+00      0.24237334E+00      0.24280430E+00      0.24006421E+00      0.24381939E+00      0.00000000E+00      0.00000000E+00
    3750      749.8000      0.24323540E+00      0.24237310E+00      0.24280425E+00      0.24006431E+00      0.24381939E+00      0.00000000E+00      0.00000000E+00
    3800      759.8000      0.24323549E+00      0.24237299E+00      0.24280424E+00      0.24006444E+00      0.24381939E+00      0.00000000E+00      0.00000000E+00
    3850      769.8000      0.24323552E+00      0.24237303E+00      0.24280428E+00      0.24006455E+00      0.24381939E+00      0.00000000E+00      0.00000000E+00
    3900      779.8000      0.24323549E+00      0.24237321E+00      0.24280435E+00      0.24006462E+00      0.24381939E+00      0.00000000E+00      0.00000000E+00
    3950      789.8000      0.24323540E+00      0.24237349E+00      0.24280444E+00      0.24006464E+00      0.24381939E+00      0.00000000E+00      0.00000000E+00
    4000      799.8000      0.24323527E+00      0.24237379E+00      0.24280453E+00      0.24006458E+00      0.24381939E+00      0.00000000E+00      0.00000000E+00
    4050      809.8000      0.24323513E+00      0.24237404E+00      0.24280458E+00      0.24006448E+00      0.24381939E+00      0.00000000E+00      0.00000000E+00
    4100      819.8000      0.24323503E+00      0.24237417E+00      0.24280460E+00      0.24006435E+00      0.24381939E+00      0.00000000E+00      0.00000000E+00
    4150      829.8000      0.24323498E+00      0.24237414E+00      0.24280456E+00      0.24006423E+00      0.24381939E+00      0.00000000E+00      0.00000000E+00
    4200      839.8000      0.24323500E+00      0.24237398E+00      0.24280449E+00      0.24006415E+00      0.24381939E+00      0.00000000E+00      0.00000000E+00
    4250      849.8000      0.24323509E+00      0.24237371E+00      0.24280440E+00      0.24006412E+00      0.24381939E+00      0.00000000E+00      0.00000000E+00
    4300      859.8000      0.24323522E+00      0.24237341E+00      0.24280431E+00      0.24006416E+00      0.24381939E+00      0.00000000E+00      0.00000000E+00
    4350      869.8000      0.24323535E+00      0.24237315E+00      0.24280425E+00      0.24006425E+00      0.24381939E+00      0.00000000E+00      0.00000000E+00
    4400      879.8000      0.24323546E+00      0.24237301E+00      0.24280423E+00      0.24006438E+00      0.24381939E+00      0.00000000E+00      0.00000000E+00
    4450      889.8000      0.24323551E+00      0.24237301E+00      0.24280426E+00      0.24006450E+00      0.24381939E+00      0.00000000E+00      0.00000000E+00
    4500      899.8000      0.24323550E+00      0.24237316E+00      0.24280433E+00      0.24006459E+00      0.24381939E+00      0.00000000E+00      0.00000000E+00
    4550      909.8000      0.24323542E+00      0.24237341E+00      0.24280442E+00      0.24006462E+00      0.24381939E+00      0.00000000E+00      0.00000000E+00
    4600      919.8000      0.24323529E+00      0.24237371E+00      0.24280450E+00      0.24006459E+00      0.24381939E+00      0.00000000E+00      0.00000000E+00
    4650      929.8000      0.24323516E+00      0.24237398E+00      0.24280457E+00      0.24006450E+00      0.24381939E+00      0.00000000E+00      0.00000000E+00
    4700      939.8000      0.24323504E+00      0.24237415E+00      0.24280459E+00      0.24006437E+00      0.24381939E+00      0.00000000E+00      0.00000000E+00
    4750      949.8000      0.24323498E+00      0.24237416E+00      0.24280457E+00      0.24006425E+00      0.24381939E+00      0.00000000E+00      0.00000000E+00
    4800      959.8000      0.24323499E+00      0.24237403E+00      0.24280451E+00      0.24006415E+00      0.24381939E+00      0.00000000E+00      0.00000000E+00
    4850      969.8000      0.24323506E+00      0.24237379E+00      0.24280442E+00      0.24006411E+00      0.24381939E+00      0.00000000E+00      0.00000000E+00
    4900      979.8000      0.24323518E+00      0.24237349E+00      0.24280433E+00      0.24006414E+00      0.24381939E+00      0.00000000E+00      0.00000000E+00
    4950      989.8000      0.24323532E+00      0.24237321E+00      0.24280426E+00      0.24006422E+00      0.24381939E+00      0.00000000E+00      0.00000000E+00
    5000      999.8000      0.24323543E+00      0.24237303E+00      0.24280423E+00      0.24006434E+00      0.24381939E+00      0.00000000E+00      0.00000000E+00
    5050     1009.8000      0.24323550E+00      0.24237299E+00      0.24280425E+00      0.24006447E+00      0.24381939E+00      0.00000000E+00      0.00000000E+00
    5100     1019.8000      0.24323551E+00      0.24237310E+00      0.24280431E+00      0.24006457E+00      0.24381939E+00      0.00000000E+00      0.00000000E+00
    5150     1029.8000      0.24323544E+00      0.24237334E+00      0.24280439E+00      0.24006462E+00      0.24381939E+00      0.00000000E+00      0.00000000E+00
    5200     1039.8000      0.24323533E+00      0.24237364E+00      0.24280448E+00      0.24006460E+00      0.24381939E+00      0.00000000E+00      0.00000000E+00
    5250     1049.8000      0.24323519E+00      0.24237392E+00      0.24280456E+00      0.24006452E+00      0.24381939E+00      0.00000000E+00      0.00000000E+00
    5300     1059.8000      0.24323507E+00      0.24237412E+00      0.24280459E+00      0.24006441E+00      0.24381939E+00      0.00000000E+00      0.00000000E+00
    5350     1069.8000      0.24323499E+00      0.24237417E+00      0.24280458E+00      0.24006428E+00      0.24381939E+00      0.00000000E+00      0.00000000E+00
    5400     1079.8000      0.24323498E+00      0.24237408E+00      0.24280453E+00      0.24006417E+00      0.24381939E+00      0.00000000E+00      0.00000000E+00
    5450     1089.8000      0.24323504E+00      0.24237386E+00      0.24280445E+00      0.24006412E+00      0.24381939E+00      0.00000000E+00      0.00000000E+00
    5500     1099.8000      0.24323515E+00      0.24237356E+00      0.24280435E+00      0.24006413E+00      0.24381939E+00      0.00000000E+00      0.00000000E+00
    5550     1109.8000      0.24323528E+00      0.24237327E+00      0.24280428E+00      0.24006420E+00      0.24381939E+00      0.00000000E+00      0.00000000E+00
    5600     1119.8000      0.24323541E+00      0.24237306E+00      0.24280424E+00      0.24006431E+00      0.24381939E+00      0.00000000E+00      0.00000000E+00
    5650     1129.8000      0.24323549E+00      0.24237299E+00      0.24280424E+00      0.24006444E+00      0.24381939E+00      0.00000000E+00      0.00000000E+00
    5700     1139.8000      0.24323551E+00      0.24237306E+00      0.24280429E+00      0.24006455E+00      0.24381939E+00      0.00000000E+00      0.00000000E+00
    5750     1149.8000      0.24323546E+00      0.24237327E+00      0.24280437E+00      0.24006461E+00      0.24381939E+00      0.00000000E+00      0.00000000E+00
    5800     1159.8000      0.24323536E+00      0.24237356E+00      0.24280446E+00      0.24006461E+00      0.24381939E+00      0.00000000E+00      0.00000000E+00
    5850     1169.8000      0.24323522E+00      0.24237385E+00      0.24280454E+00      0.24006455E+00      0.24381939E+00      0.00000000E+00      0.00000000E+00
    5900     1179.8000      0.24323510E+00      0.24237408E+00      0.24280459E+00      0.24006444E+00      0.24381939E+00      0.00000000E+00      0.00000000E+00
    5950     1189.8000      0.24323501E+00      0.24237417E+00      0.24280459E+00      0.24006431E+00      0.24381939E+00      0.00000000E+00      0.00000000E+00
    6000     1199.8000      0.24323498E+00      0.24237412E+00      0.24280455E+00      0.24006420E+00      0.24381939E+00      0.00000000E+00      0.00000000E+00
    6050     1209.8000      0.24323502E+00      0.24237392E+00      0.24280447E+00      0.24006413E+00      0.24381939E+00      0.00000000E+00      0.00000000E+00
    6100     1219.8000      0.24323512E+00      0.24237364E+00      0.24280438E+00      0.24006412E+00      0.24381939E+00      0.00000000E+00      0.00000000E+00
    6150     1229.8000      0.24323525E+00      0.24237334E+00      0.24280429E+00      0.24006417E+00      0.24381939E+00      0.00000000E+00      0.00000000E+00
    6200     1239.8000      0.24323538E+00      0.24237311E+00      0.24280424E+00      0.24006428E+00      0.24381939E+00      0.00000000E+00      0.00000000E+00
    6250     1249.8000      0.24323548E+00      0.24237299E+00      0.24280423E+00      0.24006441E+00      0.24381939E+00      0.00000000E+00      0.00000000E+00
    6300     1259.8000      0.24323551E+00      0.24237303E+00      0.24280427E+00      0.24006452E+00      0.24381939E+00      0.00000000E+00      0.00000000E+00
    6350     1269.8000      0.24323548E+00      0.24237321E+00      0.24280435E+00      0.24006460E+00      0.24381939E+00      0.00000000E+00      0.00000000E+00
    6400     1279.8000      0.24323539E+00      0.24237348E+00      0.24280444E+00      0.24006462E+00      0.24381939E+00      0.00000000E+00      0.00000000E+00
    6450     1289.8000      0.24323526E+00      0.24237378E+00      0.24280452E+00      0.24006457E+00      0.24381939E+00      0.00000000E+00      0.00000000E+00
    6500     1299.8000      0.24323513E+00      0.24237403E+00      0.24280458E+00      0.24006447E+00      0.24381939E+00      0.00000000E+00      0.00000000E+00
    6550     1309.8000      0.24323502E+00      0.24237416E+00      0.24280459E+00      0.24006434E+00      0.24381939E+00      0.00000000E+00      0.00000000E+00
    6600     1319.8000      0.24323498E+00      0.24237414E+00      0.24280456E+00      0.24006422E+00      0.24381939E+00      0.00000000E+00      0.00000000E+00
    6650     1329.8000      0.24323500E+00      0.24237398E+00      0.24280449E+00      0.24006414E+00      0.24381939E+00      0.00000000E+00      0.00000000E+00
    6700     1339.8000      0.24323509E+00      0.24237371E+00      0.24280440E+00      0.24006411E+00      0.24381939E+00      0.00000000E+00      0.00000000E+00
    6750     1349.8000      0.24323521E+00      0.24237341E+00      0.24280431E+00      0.24006415E+00      0.24381939E+00      0.00000000E+00      0.00000000E+00
    6800     1359.8000      0.24323535E+00      0.24237316E+00      0.24280425E+00      0.24006425E+00      0.24381939E+00      0.00000000E+00      0.00000000E+00
    6850     1369.8000      0.24323546E+00      0.24237301E+00      0.24280423E+00      0.24006437E+00      0.24381939E+00      0.00000000E+00      0.00000000E+00
    6900     1379.8000      0.24323551E+00      0.24237301E+00      0.24280426E+00      0.24006450E+00      0.24381939E+00      0.00000000E+00      0.00000000E+00
    6950     1389.8000      0.24323550E+00      0.24237315E+00      0.24280432E+00      0.24006459E+00      0.24381939E+00      0.00000000E+00      0.00000000E+00
    7000     1399.8000      0.24323542E+00      0.24237341E+00      0.24280441E+00      0.24006462E+00      0.24381939E+00      0.00000000E+00      0.00000000E+00
    7050     1409.8000      0.24323529E+00      0.24237371E+00      0.24280450E+00      0.24006459E+00      0.24381939E+00      0.00000000E+00      0.00000000E+00
    7100     1419.8000      0.24323516E+00      0.24237398E+00      0.24280457E+00      0.24006450E+00      0.24381939E+00      0.00000000E+00      0.00000000E+00
    7150     1429.8000      0.24323504E+00      0.24237414E+00      0.24280459E+00      0.24006437E+00      0.24381939E+00      0.00000000E+00      0.00000000E+00
    7200     1439.8000      0.24323498E+00      0.24237416E+00      0.24280457E+00      0.24006425E+00      0.24381939E+00      0.00000000E+00      0.00000000E+00
    7250     1449.8000      0.24323499E+00      0.24237403E+00      0.24280451E+00      0.24006415E+00      0.24381939E+00      0.00000000E+00      0.00000000E+00
    7300     1459.8000      0.24323506E+00      0.24237379E+00      0.24280442E+00      0.24006411E+00      0.24381939E+00      0.00000000E+00      0.00000000E+00
    7350     1469.8000      0.24323518E+00      0.24237349E+00      0.24280433E+00      0.24006414E+00      0.24381939E+00      0.00000000E+00      0.00000000E+00
    7400     1479.8000      0.24323531E+00      0.24237321E+00      0.24280426E+00      0.24006422E+00      0.24381939E+00      0.00000000E+00      0.00000000E+00
    7450     1489.8000      0.24323543E+00      0.24237303E+00      0.24280423E+00      0.24006434E+00      0.24381939E+00      0.00000000E+00      0.00000000E+00
    7500     1499.8000      0.24323550E+00      0.24237299E+00      0.24280425E+00      0.24006447E+00      0.24381939E+00      0.00000000E+00      0.00000000E+00
    7550     1509.8000      0.24323550E+00      0.24237310E+00      0.24280430E+00      0.24006457E+00      0.24381939E+00      0.00000000E+00      0.00000000E+00
    7600     1519.8000      0.24323544E+00      0.24237334E+00      0.24280439E+00      0.24006462E+00      0.24381939E+00      0.00000000E+00      0.00000000E+00
    7650     1529.8000      0.24323533E+00      0.24237363E+00      0.24280448E+00      0.24006460E+00      0.24381939E+00      0.00000000E+00      0.00000000E+00
    7700     1539.8000      0.24323519E+00      0.24237392E+00      0.24280455E+00      0.24006452E+00      0.24381939E+00      0.00000000E+00      0.00000000E+00
    7750     1549.8000      0.24323507E+00      0.24237411E+00      0.24280459E+00      0.24006441E+00      0.24381939E+00      0.00000000E+00      0.00000000E+00
    7800     1559.8000      0.24323499E+00      0.24237417E+00      0.24280458E+00      0.24006428E+00      0.24381939E+00      0.00000000E+00      0.00000000E+00
    7850     1569.8000      0.24323498E+00      0.24237408E+00      0.24280453E+00      0.24006417E+00      0.24381939E+00      0.00000000E+00      0.00000000E+00
    7900     1579.8000      0.24323504E+00      0.24237386E+00      0.24280445E+00      0.24006412E+00      0.24381939E+00      0.00000000E+00      0.00000000E+00
    7950     1589.8000      0.24323515E+00      0.24237356E+00      0.24280436E+00      0.24006413E+00      0.24381939E+00      0.00000000E+00      0.00000000E+00
    8000     1599.8000      0.24323528E+00      0.24237328E+00      0.24280428E+00      0.24006419E+00      0.24381939E+00      0.00000000E+00      0.00000000E+00
    8050     1609.8000      0.24323541E+00      0.24237307E+00      0.24280424E+00      0.24006431E+00      0.24381939E+00      0.00000000E+00      0.00000000E+00
    8100     1619.8000      0.24323549E+00      0.24237299E+00      0.24280424E+00      0.24006444E+00      0.24381939E+00      0.00000000E+00      0.00000000E+00
    8150     1629.8000      0.24323551E+00      0.24237306E+00      0.24280429E+00      0.24006455E+00      0.24381939E+00      0.00000000E+00      0.00000000E+00
    8200     1639.8000      0.24323546E+00      0.24237327E+00      0.24280437E+00      0.24006461E+00      0.24381939E+00      0.00000000E+00      0.00000000E+00
    8250     1649.8000      0.24323536E+00      0.24237356E+00      0.24280446E+00      0.24006461E+00      0.24381939E+00      0.00000000E+00      0.00000000E+00
    8300     1659.8000      0.24323523E+00      0.24237385E+00      0.24280454E+00      0.24006455E+00      0.24381939E+00      0.00000000E+00      0.00000000E+00
    8350     1669.8000      0.24323510E+00      0.24237407E+00      0.24280459E+00      0.24006444E+00      0.24381939E+00      0.00000000E+00      0.00000000E+00
    8400     1679.8000      0.24323501E+00      0.24237417E+00      0.24280459E+00      0.24006431E+00      0.24381939E+00      0.00000000E+00      0.00000000E+00
    8450     1689.8000      0.24323498E+00      0.24237412E+00      0.24280455E+00      0.24006420E+00      0.24381939E+00      0.00000000E+00      0.00000000E+00
    8500     1699.8000      0.24323502E+00      0.24237392E+00      0.24280447E+00      0.24006413E+00      0.24381939E+00      0.00000000E+00      0.00000000E+00
    8550     1709.8000      0.24323511E+00      0.24237364E+00      0.24280438E+00      0.24006412E+00      0.24381939E+00      0.00000000E+00      0.00000000E+00
    8600     1719.8000      0.24323525E+00      0.24237334E+00      0.24280429E+00      0.24006417E+00      0.24381939E+00      0.00000000E+00      0.00000000E+00
    8650     1729.8000      0.24323538E+00      0.24237311E+00      0.24280424E+00      0.24006428E+00      0.24381939E+00      0.00000000E+00      0.00000000E+00
    8700     1739.8000      0.24323547E+00      0.24237299E+00      0.24280423E+00      0.24006440E+00      0.24381939E+00      0.00000000E+00      0.00000000E+00
    8750     1749.8000      0.24323551E+00      0.24237303E+00      0.24280427E+00      0.24006452E+00      0.24381939E+00      0.00000000E+00      0.00000000E+00
    8800     1759.8000      0.24323548E+00      0.24237321E+00      0.24280434E+00      0.24006460E+00      0.24381939E+00      0.00000000E+00      0.00000000E+00
    8850     1769.8000      0.24323539E+00      0.24237348E+00      0.24280443E+00      0.24006462E+00      0.24381939E+00      0.00000000E+00      0.00000000E+00
    8900     1779.8000      0.24323526E+00      0.24237378E+00      0.24280452E+00      0.24006457E+00      0.24381939E+00      0.00000000E+00      0.00000000E+00
    8950     1789.8000      0.24323513E+00      0.24237403E+00      0.24280458E+00      0.24006447E+00      0.24381939E+00      0.00000000E+00      0.00000000E+00
    9000     1799.8000      0.24323502E+00      0.24237416E+00      0.24280459E+00      0.24006434E+00      0.24381939E+00      0.00000000E+00      0.00000000E+00
    9050     1809.8000      0.24323498E+00      0.24237414E+00      0.24280456E+00      0.24006422E+00      0.24381939E+00      0.00000000E+00      0.00000000E+00
    9100     1819.8000      0.24323500E+00      0.24237398E+00      0.24280449E+00      0.24006414E+00      0.24381939E+00      0.00000000E+00      0.00000000E+00
    9150     1829.8000      0.24323508E+00      0.24237372E+00      0.24280440E+00      0.24006411E+00      0.24381939E+00      0.00000000E+00      0.00000000E+00
    9200     1839.8000      0.24323521E+00      0.24237342E+00      0.24280431E+00      0.24006415E+00      0.24381939E+00      0.00000000E+00      0.00000000E+00
    9250     1849.8000      0.24323535E+00      0.24237316E+00      0.24280425E+00      0.24006425E+00      0.24381939E+00      0.00000000E+00      0.00000000E+00
    9300     1859.8000      0.24323545E+00      0.24237301E+00      0.24280423E+00      0.24006437E+00      0.24381939E+00      0.00000000E+00      0.00000000E+00
    9350     1869.8000      0.24323551E+00      0.24237301E+00      0.24280426E+00      0.24006449E+00      0.24381939E+00      0.00000000E+00      0.00000000E+00
    9400     1879.8000      0.24323549E+00      0.24237315E+00      0.24280432E+00      0.24006458E+00      0.24381939E+00      0.00000000E+00      0.00000000E+00
    9450     1889.8000      0.24323542E+00      0.24237341E+00      0.24280441E+00      0.24006462E+00      0.24381939E+00      0.00000000E+00      0.00000000E+00
    9500     1899.8000      0.24323529E+00      0.24237371E+00      0.24280450E+00      0.24006459E+00      0.24381939E+00      0.00000000E+00      0.00000000E+00
    9550     1909.8000      0.24323516E+00      0.24237397E+00      0.24280457E+00      0.24006450E+00      0.24381939E+00      0.00000000E+00      0.00000000E+00
    9600     1919.8000      0.24323505E+00      0.24237414E+00      0.24280459E+00      0.24006437E+00      0.24381939E+00      0.00000000E+00      0.00000000E+00
    9650     1929.8000      0.24323498E+00      0.24237416E+00      0.24280457E+00      0.24006425E+00      0.24381939E+00      0.00000000E+00      0.00000000E+00
    9700     1939.8000      0.24323499E+00      0.24237403E+00      0.24280451E+00      0.24006415E+00      0.24381939E+00      0.00000000E+00      0.00000000E+00
    9750     1949.8000      0.24323506E+00      0.24237379E+00      0.24280442E+00      0.24006411E+00      0.24381939E+00      0.00000000E+00      0.00000000E+00
    9800     1959.8000      0.24323518E+00      0.24237349E+00      0.24280433E+00      0.24006414E+00      0.24381939E+00      0.00000000E+00      0.00000000E+00
    9850     1969.8000      0.24323531E+00      0.24237322E+00      0.24280426E+00      0.24006422E+00      0.24381939E+00      0.00000000E+00      0.00000000E+00
    9900     1979.8000      0.24323543E+00      0.24237303E+00      0.24280423E+00      0.24006434E+00      0.24381939E+00      0.00000000E+00      0.00000000E+00
    9950     1989.8000      0.24323550E+00      0.24237299E+00      0.24280425E+00      0.24006446E+00      0.24381939E+00      0.00000000E+00      0.00000000E+00
   10000     1999.8000      0.24323550E+00      0.24237310E+00      0.24280430E+00      0.24006456E+00      0.24381939E+00      0.00000000E+00      0.00000000E+00
