      50        9.80     -0.3096481405E-15     -0.1734940316E-14      0.7544457784E+00      0.4637505386E-19      0.2571803786E-18     -0.1117973285E-03      0.0000000000E+00      0.3153447928E-06
     100       19.80     -0.2596122102E-15     -0.1671982052E-14      0.2628452700E+00      0.3710401356E-19      0.2483229286E-18     -0.3894964999E-04      0.0000000000E+00      0.3153447928E-06
     150       29.80     -0.2070826149E-15     -0.1615650972E-14     -0.1574010665E+00      0.3327251296E-19      0.2370335676E-18      0.2332443132E-04      0.0000000000E+00      0.3153447928E-06
     200       39.80     -0.2059984128E-15     -0.1545638617E-14     -0.5167101370E+00      0.2048760941E-19      0.2261379446E-18      0.7656854157E-04      0.0000000000E+00      0.3153447928E-06
     250       49.80     -0.1465841337E-15     -0.1529267164E-14     -0.8239531784E+00      0.2991085095E-19      0.2175021790E-18      0.1220972624E-03      0.0000000000E+00      0.3153447928E-06
     300       59.80     -0.2012279232E-15     -0.1450879347E-14     -0.1086675859E+01      0.3091670257E-19      0.2230608327E-18      0.1610287466E-03      0.0000000000E+00      0.3153447928E-06
     350       69.80     -0.1960237528E-15     -0.1465841337E-14     -0.1311295563E+01      0.2943439492E-19      0.2194344729E-18      0.1943139521E-03      0.0000000000E+00      0.3153447928E-06
     400       79.80     -0.1786765180E-15     -0.1401222888E-14     -0.1503278151E+01      0.2869324109E-19      0.2075760116E-18      0.2227628362E-03      0.0000000000E+00      0.3153447928E-06
     450       89.80     -0.2576064362E-15     -0.1399488164E-14     -0.1667294022E+01      0.3790472439E-19      0.2103288687E-18      0.2470674804E-03      0.0000000000E+00      0.3153447928E-06
     500       99.80     -0.2289834988E-15     -0.1446542539E-14     -0.1807351950E+01      0.4468098797E-19      0.2170786625E-18      0.2678219238E-03      0.0000000000E+00      0.3153447928E-06
     550      109.80     -0.3131175874E-15     -0.1381273568E-14     -0.1926909284E+01      0.5018670212E-19      0.2082377561E-18      0.2855384925E-03      0.0000000000E+00      0.3153447928E-06
     600      119.80     -0.3799044412E-15     -0.1428761623E-14     -0.2028958313E+01      0.4785736152E-19      0.2035526051E-18      0.3006605983E-03      0.0000000000E+00      0.3153447928E-06
     650      129.80     -0.3547509508E-15     -0.1358505322E-14     -0.2116090644E+01      0.4785736152E-19      0.2054054897E-18      0.3135722774E-03      0.0000000000E+00      0.3153447928E-06
     700      139.80     -0.3460773335E-15     -0.1435266836E-14     -0.2190543532E+01      0.5780999865E-19      0.2034731958E-18      0.3246050571E-03      0.0000000000E+00      0.3153447928E-06
     750      149.80     -0.4241398899E-15     -0.1479935965E-14     -0.2254233759E+01      0.6183340515E-19      0.2076289512E-18      0.3340429748E-03      0.0000000000E+00      0.3153447928E-06
     800      159.80     -0.3894454204E-15     -0.1308848863E-14     -0.2308785296E+01      0.5780999865E-19      0.2086348028E-18      0.3421266784E-03      0.0000000000E+00      0.3153447928E-06
     850      169.80     -0.4753142324E-15     -0.1348530662E-14     -0.2355556476E+01      0.7580944878E-19      0.2010379761E-18      0.3490574521E-03      0.0000000000E+00      0.3153447928E-06
     900      179.80     -0.4215378047E-15     -0.1314920395E-14     -0.2395670715E+01      0.7220955875E-19      0.1944734707E-18      0.3550017690E-03      0.0000000000E+00      0.3153447928E-06
     950      189.80     -0.5551115123E-15     -0.1180696166E-14     -0.2430052360E+01      0.9359714067E-19      0.1797298035E-18      0.3600966031E-03      0.0000000000E+00      0.3153447928E-06
    1000      199.80     -0.5828670879E-15     -0.1172239389E-14     -0.2459466567E+01      0.9190307478E-19      0.1689830730E-18      0.3644553388E-03      0.0000000000E+00      0.3153447928E-06
    1050      209.80     -0.5846018114E-15     -0.1147302739E-14     -0.2484559843E+01      0.8067988823E-19      0.1716565207E-18      0.3681737786E-03      0.0000000000E+00      0.3153447928E-06
    1100      219.80     -0.6401129626E-15     -0.1175708836E-14     -0.2505896673E+01      0.8343274530E-19      0.1797298035E-18      0.3713355707E-03      0.0000000000E+00      0.3153447928E-06
    1150      229.80     -0.5603156827E-15     -0.1134942834E-14     -0.2523987777E+01      0.8512681120E-19      0.1623920979E-18      0.3740163956E-03      0.0000000000E+00      0.3153447928E-06
    1200      239.80     -0.5186823193E-15     -0.1107404099E-14     -0.2539306955E+01      0.8046812999E-19      0.1628950237E-18      0.3762864635E-03      0.0000000000E+00      0.3153447928E-06
    1250      249.80     -0.7147060721E-15     -0.1073576991E-14     -0.2552295873E+01      0.1071496678E-18      0.1696183477E-18      0.3782112226E-03      0.0000000000E+00      0.3153447928E-06
    1300      259.80     -0.7650130529E-15     -0.1098079960E-14     -0.2563358711E+01      0.9592648128E-19      0.1683477983E-18      0.3798505660E-03      0.0000000000E+00      0.3153447928E-06
    1350      269.80     -0.7199102425E-15     -0.1218643242E-14     -0.2572850760E+01      0.9507944833E-19      0.1826150095E-18      0.3812571426E-03      0.0000000000E+00      0.3153447928E-06
    1400      279.80     -0.7042977312E-15     -0.1179395123E-14     -0.2581066196E+01      0.1079967008E-18      0.1764210810E-18      0.3824745446E-03      0.0000000000E+00      0.3153447928E-06
    1450      289.80     -0.7563394355E-15     -0.1217559040E-14     -0.2588230084E+01      0.1107495579E-18      0.1732711773E-18      0.3835361232E-03      0.0000000000E+00      0.3153447928E-06
    1500      299.80     -0.8274630980E-15     -0.1183298251E-14     -0.2594498289E+01      0.1194316456E-18      0.1732976471E-18      0.3844649754E-03      0.0000000000E+00      0.3153447928E-06
    1550      309.80     -0.7337880303E-15     -0.1297139479E-14     -0.2599966731E+01      0.1003734042E-18      0.1797298035E-18      0.3852753149E-03      0.0000000000E+00      0.3153447928E-06
    1600      319.80     -0.6990935608E-15     -0.1222763210E-14     -0.2604688829E+01      0.9232659125E-19      0.1842561358E-18      0.3859750576E-03      0.0000000000E+00      0.3153447928E-06
    1650      329.80     -0.6852157730E-15     -0.1222546370E-14     -0.2608697761E+01      0.1058791184E-18      0.1811062320E-18      0.3865691199E-03      0.0000000000E+00      0.3153447928E-06
    1700      339.80     -0.5932754288E-15     -0.1145351175E-14     -0.2612028744E+01      0.9423241538E-19      0.1712065345E-18      0.3870627207E-03      0.0000000000E+00      0.3153447928E-06
    1750      349.80     -0.5898059818E-15     -0.1284129053E-14     -0.2614736373E+01      0.9634999775E-19      0.1967498718E-18      0.3874639499E-03      0.0000000000E+00      0.3153447928E-06
    1800      359.80     -0.6331740687E-15     -0.1195007635E-14     -0.2616903167E+01      0.9973812954E-19      0.1848384710E-18      0.3877850357E-03      0.0000000000E+00      0.3153447928E-06
    1850      369.80     -0.5360295541E-15     -0.1055145554E-14     -0.2618637625E+01      0.9296186596E-19      0.1687448450E-18      0.3880420558E-03      0.0000000000E+00      0.3153447928E-06
    1900      379.80     -0.6366435157E-15     -0.1123667132E-14     -0.2620062746E+01      0.9762054717E-19      0.1744093778E-18      0.3882532370E-03      0.0000000000E+00      0.3153447928E-06
    1950      389.80     -0.6002143227E-15     -0.1343977013E-14     -0.2621298385E+01      0.9613823951E-19      0.1883324819E-18      0.3884363398E-03      0.0000000000E+00      0.3153447928E-06
    2000      399.80     -0.6643990913E-15     -0.1181346687E-14     -0.2622442386E+01      0.9677351422E-19      0.1645096802E-18      0.3886058632E-03      0.0000000000E+00      0.3153447928E-06
    2050      409.80     -0.6002143227E-15     -0.1226449498E-14     -0.2623555686E+01      0.1022792284E-18      0.1725829630E-18      0.3887708373E-03      0.0000000000E+00      0.3153447928E-06
    2100      419.80     -0.7147060721E-15     -0.1380839887E-14     -0.2624655473E+01      0.8830318475E-19      0.1855002154E-18      0.3889338089E-03      0.0000000000E+00      0.3153447928E-06
    2150      429.80     -0.8534839502E-15     -0.1306680458E-14     -0.2625718338E+01      0.1124436237E-18      0.1865590066E-18      0.3890913093E-03      0.0000000000E+00      0.3153447928E-06
    2200      439.80     -0.7199102425E-15     -0.1311234107E-14     -0.2626692740E+01      0.1041850525E-18      0.1876177978E-18      0.3892357007E-03      0.0000000000E+00      0.3153447928E-06
    2250      449.80     -0.6626643678E-15     -0.1332484470E-14     -0.2627517716E+01      0.1141376896E-18      0.1976233745E-18      0.3893579495E-03      0.0000000000E+00      0.3153447928E-06
    2300      459.80     -0.7702172233E-15     -0.1359372684E-14     -0.2628143176E+01      0.8915021770E-19      0.1969351602E-18      0.3894506332E-03      0.0000000000E+00      0.3153447928E-06
    2350      469.80     -0.6921546669E-15     -0.1252470350E-14     -0.2628546740E+01      0.1035497778E-18      0.1856060946E-18      0.3895104351E-03      0.0000000000E+00      0.3153447928E-06
    2400      479.80     -0.7285838599E-15     -0.1157711080E-14     -0.2628742907E+01      0.1103260414E-18      0.1786445425E-18      0.3895395041E-03      0.0000000000E+00      0.3153447928E-06
    2450      489.80     -0.7268491364E-15     -0.1188936102E-14     -0.2628782309E+01      0.9634999775E-19      0.1997674267E-18      0.3895453429E-03      0.0000000000E+00      0.3153447928E-06
    2500      499.80     -0.5984795992E-15     -0.1234689434E-14     -0.2628741246E+01      0.1111730743E-18      0.1936529076E-18      0.3895392580E-03      0.0000000000E+00      0.3153447928E-06
    2550      509.80     -0.7910339050E-15     -0.1184382453E-14     -0.2628704227E+01      0.1209139532E-18      0.1851561083E-18      0.3895337723E-03      0.0000000000E+00      0.3153447928E-06
    2600      519.80     -0.7840950111E-15     -0.1143616452E-14     -0.2628744019E+01      0.1109613161E-18      0.1768710673E-18      0.3895396688E-03      0.0000000000E+00      0.3153447928E-06
    2650      529.80     -0.7736866703E-15     -0.1192839230E-14     -0.2628904429E+01      0.1122318655E-18      0.1817944463E-18      0.3895634392E-03      0.0000000000E+00      0.3153447928E-06
    2700      539.80     -0.8135853102E-15     -0.1180479325E-14     -0.2629190316E+01      0.1298077992E-18      0.1751240618E-18      0.3896058033E-03      0.0000000000E+00      0.3153447928E-06
    2750      549.80     -0.8378714389E-15     -0.1089840024E-14     -0.2629567488E+01      0.1306548321E-18      0.1584745705E-18      0.3896616944E-03      0.0000000000E+00      0.3153447928E-06
    2800      559.80     -0.8118505868E-15     -0.1123233451E-14     -0.2629972531E+01      0.1217609862E-18      0.1638744055E-18      0.3897217156E-03      0.0000000000E+00      0.3153447928E-06
    2850      569.80     -0.8031769694E-15     -0.1151205867E-14     -0.2630330025E+01      0.1067261514E-18      0.1711271251E-18      0.3897746907E-03      0.0000000000E+00      0.3153447928E-06
    2900      579.80     -0.7667477764E-15     -0.1166167857E-14     -0.2630572679E+01      0.1105377996E-18      0.1710212460E-18      0.3898106484E-03      0.0000000000E+00      0.3153447928E-06
    2950      589.80     -0.7910339050E-15     -0.1196742358E-14     -0.2630659220E+01      0.1086319755E-18      0.1868766440E-18      0.3898234724E-03      0.0000000000E+00      0.3153447928E-06
    3000      599.80     -0.6990935608E-15     -0.1227967381E-14     -0.2630585453E+01      0.1086319755E-18      0.1832238144E-18      0.3898125412E-03      0.0000000000E+00      0.3153447928E-06
    3050      609.80     -0.7355227538E-15     -0.1362842131E-14     -0.2630385732E+01      0.9550296480E-19      0.1799150920E-18      0.3897829456E-03      0.0000000000E+00      0.3153447928E-06
    3100      619.80     -0.7771561172E-15     -0.1231219987E-14     -0.2630124505E+01      0.1071496678E-18      0.2018850090E-18      0.3897442358E-03      0.0000000000E+00      0.3153447928E-06
    3150      629.80     -0.7806255642E-15     -0.1232087349E-14     -0.2629880116E+01      0.1137141732E-18      0.1812121112E-18      0.3897080211E-03      0.0000000000E+00      0.3153447928E-06
    3200      639.80     -0.8291978215E-15     -0.1271552308E-14     -0.2629724993E+01      0.1264196674E-18      0.1864795973E-18      0.3896850343E-03      0.0000000000E+00      0.3153447928E-06
    3250      649.80     -0.8170547572E-15     -0.1203898092E-14     -0.2629707281E+01      0.1363723045E-18      0.1827473584E-18      0.3896824096E-03      0.0000000000E+00      0.3153447928E-06
    3300      659.80     -0.8430756093E-15     -0.1231653668E-14     -0.2629838624E+01      0.1204904367E-18      0.1866119462E-18      0.3897018727E-03      0.0000000000E+00      0.3153447928E-06
    3350      669.80     -0.6626643678E-15     -0.1268299701E-14     -0.2630091278E+01      0.1185846126E-18      0.2024673442E-18      0.3897393121E-03      0.0000000000E+00      0.3153447928E-06
    3400      679.80     -0.5898059818E-15     -0.1275672276E-14     -0.2630405351E+01      0.1124436237E-18      0.1938381960E-18      0.3897858529E-03      0.0000000000E+00      0.3153447928E-06
    3450      689.80     -0.6140921105E-15     -0.1346579098E-14     -0.2630704344E+01      0.8427977825E-19      0.2013291437E-18      0.3898301590E-03      0.0000000000E+00      0.3153447928E-06
    3500      699.80     -0.6990935608E-15     -0.1216474838E-14     -0.2630915003E+01      0.1022792284E-18      0.1762357926E-18      0.3898613755E-03      0.0000000000E+00      0.3153447928E-06
    3550      709.80     -0.6487865800E-15     -0.1181346687E-14     -0.2630986319E+01      0.1046085690E-18      0.1737211635E-18      0.3898719434E-03      0.0000000000E+00      0.3153447928E-06
    3600      719.80     -0.7476658181E-15     -0.1306463618E-14     -0.2630902744E+01      0.1118083490E-18      0.1925147070E-18      0.3898595589E-03      0.0000000000E+00      0.3153447928E-06
    3650      729.80     -0.8187894807E-15     -0.1226666338E-14     -0.2630688220E+01      0.1077849425E-18      0.1776916305E-18      0.3898277698E-03      0.0000000000E+00      0.3153447928E-06
    3700      739.80     -0.8031769694E-15     -0.1183081411E-14     -0.2630400001E+01      0.1302313156E-18      0.1770298860E-18      0.3897850601E-03      0.0000000000E+00      0.3153447928E-06
    3750      749.80     -0.8864436962E-15     -0.1176793038E-14     -0.2630113925E+01      0.1272667003E-18      0.1869295835E-18      0.3897426679E-03      0.0000000000E+00      0.3153447928E-06
    3800      759.80     -0.8101158633E-15     -0.1216474838E-14     -0.2629904955E+01      0.1315018651E-18      0.1824561908E-18      0.3897117019E-03      0.0000000000E+00      0.3153447928E-06
    3850      769.80     -0.6661338148E-15     -0.1298874203E-14     -0.2629828002E+01      0.1060908766E-18      0.1838855589E-18      0.3897002986E-03      0.0000000000E+00      0.3153447928E-06
    3900      779.80     -0.5464378949E-15     -0.1232087349E-14     -0.2629903889E+01      0.1027027449E-18      0.1720535674E-18      0.3897115439E-03      0.0000000000E+00      0.3153447928E-06
    3950      789.80     -0.7095019017E-15     -0.1194140273E-14     -0.2630114047E+01      0.1088437337E-18      0.1813973996E-18      0.3897426860E-03      0.0000000000E+00      0.3153447928E-06
    4000      799.80     -0.7337880303E-15     -0.1172889910E-14     -0.2630405273E+01      0.1073614261E-18      0.1750446525E-18      0.3897858414E-03      0.0000000000E+00      0.3153447928E-06
    4050      809.80     -0.5984795992E-15     -0.1235990477E-14     -0.2630703372E+01      0.1065143931E-18      0.1835943913E-18      0.3898300150E-03      0.0000000000E+00      0.3153447928E-06
    4100      819.80     -0.6453171331E-15     -0.1245097775E-14     -0.2630932208E+01      0.1029145031E-18      0.1941028938E-18      0.3898639251E-03      0.0000000000E+00      0.3153447928E-06
    4150      829.80     -0.6956241139E-15     -0.1319474044E-14     -0.2631033329E+01      0.9465593186E-19      0.2044261079E-18      0.3898789096E-03      0.0000000000E+00      0.3153447928E-06
    4200      839.80     -0.6401129626E-15     -0.1260927127E-14     -0.2630981066E+01      0.1124436237E-18      0.1942087729E-18      0.3898711651E-03      0.0000000000E+00      0.3153447928E-06
    4250      849.80     -0.7771561172E-15     -0.1375852557E-14     -0.2630789215E+01      0.1092672502E-18      0.1946852290E-18      0.3898427357E-03      0.0000000000E+00      0.3153447928E-06
    4300      859.80     -0.7424616477E-15     -0.1335520236E-14     -0.2630507502E+01      0.1090554920E-18      0.1950558059E-18      0.3898009901E-03      0.0000000000E+00      0.3153447928E-06
    4350      869.80     -0.8101158633E-15     -0.1350482226E-14     -0.2630208754E+01      0.1130788985E-18      0.1977027838E-18      0.3897567202E-03      0.0000000000E+00      0.3153447928E-06
    4400      879.80     -0.7355227538E-15     -0.1427243740E-14     -0.2629970096E+01      0.1192198873E-18      0.2008526876E-18      0.3897213547E-03      0.0000000000E+00      0.3153447928E-06
    4450      889.80     -0.7268491364E-15     -0.1453264592E-14     -0.2629853080E+01      0.1132906567E-18      0.2136375912E-18      0.3897040147E-03      0.0000000000E+00      0.3153447928E-06
    4500      899.80     -0.6817463261E-15     -0.1427677421E-14     -0.2629887871E+01      0.9486769009E-19      0.2181639235E-18      0.3897091702E-03      0.0000000000E+00      0.3153447928E-06
    4550      909.80     -0.6990935608E-15     -0.1414450154E-14     -0.2630065563E+01      0.1056673602E-18      0.2171580719E-18      0.3897355015E-03      0.0000000000E+00      0.3153447928E-06
    4600      919.80     -0.6349087922E-15     -0.1493596913E-14     -0.2630340539E+01      0.1048203272E-18      0.2253637035E-18      0.3897762487E-03      0.0000000000E+00      0.3153447928E-06
    4650      929.80     -0.7511352651E-15     -0.1369781025E-14     -0.2630642218E+01      0.1054556019E-18      0.2018320695E-18      0.3898209530E-03      0.0000000000E+00      0.3153447928E-06
    4700      939.80     -0.7667477764E-15     -0.1437218400E-14     -0.2630893175E+01      0.1185846126E-18      0.2091906682E-18      0.3898581410E-03      0.0000000000E+00      0.3153447928E-06
    4750      949.80     -0.8187894807E-15     -0.1389513504E-14     -0.2631028985E+01      0.1198551620E-18      0.2077083605E-18      0.3898782659E-03      0.0000000000E+00      0.3153447928E-06
    4800      959.80     -0.6245004514E-15     -0.1354385354E-14     -0.2631014760E+01      0.9507944833E-19      0.2058025364E-18      0.3898761579E-03      0.0000000000E+00      0.3153447928E-06
    4850      969.80     -0.6123573870E-15     -0.1388646143E-14     -0.2630854142E+01      0.9042076712E-19      0.2124993906E-18      0.3898523568E-03      0.0000000000E+00      0.3153447928E-06
    4900      979.80     -0.6574601974E-15     -0.1312101469E-14     -0.2630588429E+01      0.1020674701E-18      0.1946852290E-18      0.3898129823E-03      0.0000000000E+00      0.3153447928E-06
    4950      989.80     -0.6366435157E-15     -0.1370865227E-14     -0.2630286012E+01      0.9825582188E-19      0.2065172205E-18      0.3897681686E-03      0.0000000000E+00      0.3153447928E-06
    5000      999.80     -0.6765421556E-15     -0.1326196097E-14     -0.2630024782E+01      0.1022792284E-18      0.2004291711E-18      0.3897294584E-03      0.0000000000E+00      0.3153447928E-06
    5050     1009.80     -0.6869504965E-15     -0.1326196097E-14     -0.2629872053E+01      0.9804406364E-19      0.1963792949E-18      0.3897068262E-03      0.0000000000E+00      0.3153447928E-06
    5100     1019.80     -0.6713379852E-15     -0.1341158087E-14     -0.2629867173E+01      0.8809142651E-19      0.1976233745E-18      0.3897061032E-03      0.0000000000E+00      0.3153447928E-06
    5150     1029.80     -0.6036837696E-15     -0.1395585036E-14     -0.2630011375E+01      0.9465593186E-19      0.1985498168E-18      0.3897274716E-03      0.0000000000E+00      0.3153447928E-06
    5200     1039.80     -0.6435824096E-15     -0.1308198341E-14     -0.2630267481E+01      0.9020900888E-19      0.1912970972E-18      0.3897654226E-03      0.0000000000E+00      0.3153447928E-06
    5250     1049.80     -0.6279698983E-15     -0.1255722956E-14     -0.2630569541E+01      0.1016439537E-18      0.1744093778E-18      0.3898101834E-03      0.0000000000E+00      0.3153447928E-06
    5300     1059.80     -0.6314393453E-15     -0.1318606682E-14     -0.2630839858E+01      0.9677351422E-19      0.1974910256E-18      0.3898502401E-03      0.0000000000E+00      0.3153447928E-06
    5350     1069.80     -0.6765421556E-15     -0.1388862983E-14     -0.2631008976E+01      0.9656175599E-19      0.2063584018E-18      0.3898753009E-03      0.0000000000E+00      0.3153447928E-06
    5400     1079.80     -0.5984795992E-15     -0.1344410694E-14     -0.2631033505E+01      0.9169131654E-19      0.1975174954E-18      0.3898789356E-03      0.0000000000E+00      0.3153447928E-06
    5450     1089.80     -0.5637851297E-15     -0.1398620803E-14     -0.2630907200E+01      0.9634999775E-19      0.1958763691E-18      0.3898602193E-03      0.0000000000E+00      0.3153447928E-06
    5500     1099.80     -0.6470518565E-15     -0.1347880141E-14     -0.2630662541E+01      0.1092672502E-18      0.1989733333E-18      0.3898239646E-03      0.0000000000E+00      0.3153447928E-06
    5550     1109.80     -0.5655198532E-15     -0.1379972525E-14     -0.2630362392E+01      0.9529120657E-19      0.2024938140E-18      0.3897794870E-03      0.0000000000E+00      0.3153447928E-06
    5600     1119.80     -0.6487865800E-15     -0.1368263142E-14     -0.2630083897E+01      0.9296186596E-19      0.2047172754E-18      0.3897382183E-03      0.0000000000E+00      0.3153447928E-06
    5650     1129.80     -0.5932754288E-15     -0.1263095531E-14     -0.2629898693E+01      0.9889109659E-19      0.2025732233E-18      0.3897107739E-03      0.0000000000E+00      0.3153447928E-06
    5700     1139.80     -0.6366435157E-15     -0.1359372684E-14     -0.2629854484E+01      0.1022792284E-18      0.2033143771E-18      0.3897042228E-03      0.0000000000E+00      0.3153447928E-06
    5750     1149.80     -0.7147060721E-15     -0.1345061215E-14     -0.2629962722E+01      0.9613823951E-19      0.1970410394E-18      0.3897202621E-03      0.0000000000E+00      0.3153447928E-06
    5800     1159.80     -0.6852157730E-15     -0.1389513504E-14     -0.2630195595E+01      0.1054556019E-18      0.1999262453E-18      0.3897547703E-03      0.0000000000E+00      0.3153447928E-06
    5850     1169.80     -0.6713379852E-15     -0.1311884629E-14     -0.2630493153E+01      0.1012204372E-18      0.1897883197E-18      0.3897988637E-03      0.0000000000E+00      0.3153447928E-06
    5900     1179.80     -0.5967448757E-15     -0.1356120077E-14     -0.2630778760E+01      0.1014321954E-18      0.1972792674E-18      0.3898411863E-03      0.0000000000E+00      0.3153447928E-06
    5950     1189.80     -0.7285838599E-15     -0.1378671483E-14     -0.2630978879E+01      0.9973812954E-19      0.2104876874E-18      0.3898708410E-03      0.0000000000E+00      0.3153447928E-06
    6000     1199.80     -0.6366435157E-15     -0.1439603645E-14     -0.2631042043E+01      0.9084428359E-19      0.2121288137E-18      0.3898802010E-03      0.0000000000E+00      0.3153447928E-06
    6050     1209.80     -0.6054184931E-15     -0.1414450154E-14     -0.2630952092E+01      0.9444417362E-19      0.2101435803E-18      0.3898668715E-03      0.0000000000E+00      0.3153447928E-06
    6100     1219.80     -0.6366435157E-15     -0.1404041813E-14     -0.2630732268E+01      0.9486769009E-19      0.2092171380E-18      0.3898342970E-03      0.0000000000E+00      0.3153447928E-06
    6150     1229.80     -0.7840950111E-15     -0.1485356976E-14     -0.2630439172E+01      0.1037615360E-18      0.2063319320E-18      0.3897908646E-03      0.0000000000E+00      0.3153447928E-06
    6200     1239.80     -0.6557254739E-15     -0.1443940453E-14     -0.2630148163E+01      0.1029145031E-18      0.2223461487E-18      0.3897477415E-03      0.0000000000E+00      0.3153447928E-06
    6250     1249.80     -0.6574601974E-15     -0.1493163232E-14     -0.2629934009E+01      0.1007969207E-18      0.2214197064E-18      0.3897160072E-03      0.0000000000E+00      0.3153447928E-06
    6300     1259.80     -0.6349087922E-15     -0.1446325698E-14     -0.2629851721E+01      0.8618560238E-19      0.2167345554E-18      0.3897038134E-03      0.0000000000E+00      0.3153447928E-06
    6350     1269.80     -0.6331740687E-15     -0.1497716881E-14     -0.2629922458E+01      0.9846758012E-19      0.2201491569E-18      0.3897142955E-03      0.0000000000E+00      0.3153447928E-06
    6400     1279.80     -0.6522560270E-15     -0.1439820485E-14     -0.2630128085E+01      0.1050320855E-18      0.2063319320E-18      0.3897447663E-03      0.0000000000E+00      0.3153447928E-06
    6450     1289.80     -0.7233796895E-15     -0.1441121528E-14     -0.2630415784E+01      0.1086319755E-18      0.2236431679E-18      0.3897873988E-03      0.0000000000E+00      0.3153447928E-06
    6500     1299.80     -0.7962380755E-15     -0.1387995621E-14     -0.2630711576E+01      0.1158317555E-18      0.2132405445E-18      0.3898312307E-03      0.0000000000E+00      0.3153447928E-06
    6550     1309.80     -0.7684824999E-15     -0.1470611827E-14     -0.2630939328E+01      0.1088437337E-18      0.2187991982E-18      0.3898649800E-03      0.0000000000E+00      0.3153447928E-06
    6600     1319.80     -0.8049116929E-15     -0.1468660263E-14     -0.2631040369E+01      0.1065143931E-18      0.2252048849E-18      0.3898799528E-03      0.0000000000E+00      0.3153447928E-06
    6650     1329.80     -0.7164407956E-15     -0.1538049202E-14     -0.2630988654E+01      0.1181610961E-18      0.2208373712E-18      0.3898722895E-03      0.0000000000E+00      0.3153447928E-06
    6700     1339.80     -0.8101158633E-15     -0.1415751197E-14     -0.2630797510E+01      0.1319253815E-18      0.2073113138E-18      0.3898439649E-03      0.0000000000E+00      0.3153447928E-06
    6750     1349.80     -0.8586881206E-15     -0.1356120077E-14     -0.2630516196E+01      0.1412427440E-18      0.2003762316E-18      0.3898022785E-03      0.0000000000E+00      0.3153447928E-06
    6800     1359.80     -0.9783840405E-15     -0.1367178940E-14     -0.2630217173E+01      0.1247256015E-18      0.2020967673E-18      0.3897579678E-03      0.0000000000E+00      0.3153447928E-06
    6850     1369.80     -0.7823602877E-15     -0.1383441972E-14     -0.2629977391E+01      0.1406074692E-18      0.1969351602E-18      0.3897224358E-03      0.0000000000E+00      0.3153447928E-06
    6900     1379.80     -0.9263423362E-15     -0.1384526174E-14     -0.2629858476E+01      0.1166787885E-18      0.2109641434E-18      0.3897048144E-03      0.0000000000E+00      0.3153447928E-06
    6950     1389.80     -0.8517492267E-15     -0.1363492652E-14     -0.2629890914E+01      0.1213374697E-18      0.2055907782E-18      0.3897096211E-03      0.0000000000E+00      0.3153447928E-06
    7000     1399.80     -0.8101158633E-15     -0.1298874203E-14     -0.2630066282E+01      0.1137141732E-18      0.2062260529E-18      0.3897356080E-03      0.0000000000E+00      0.3153447928E-06
    7050     1409.80     -0.7042977312E-15     -0.1359589524E-14     -0.2630339469E+01      0.1096907667E-18      0.2102494594E-18      0.3897760902E-03      0.0000000000E+00      0.3153447928E-06
    7100     1419.80     -0.6869504965E-15     -0.1232304189E-14     -0.2630640274E+01      0.1054556019E-18      0.1748328943E-18      0.3898206648E-03      0.0000000000E+00      0.3153447928E-06
    7150     1429.80     -0.6852157730E-15     -0.1244664094E-14     -0.2630891400E+01      0.1060908766E-18      0.2032614376E-18      0.3898578780E-03      0.0000000000E+00      0.3153447928E-06
    7200     1439.80     -0.6314393453E-15     -0.1297356320E-14     -0.2631028283E+01      0.8745615180E-19      0.1955852015E-18      0.3898781619E-03      0.0000000000E+00      0.3153447928E-06
    7250     1449.80     -0.6383782392E-15     -0.1289550064E-14     -0.2631015670E+01      0.9486769009E-19      0.2008262178E-18      0.3898762928E-03      0.0000000000E+00      0.3153447928E-06
    7300     1459.80     -0.6505213035E-15     -0.1239676764E-14     -0.2630856728E+01      0.1043968107E-18      0.1829326468E-18      0.3898527400E-03      0.0000000000E+00      0.3153447928E-06
    7350     1469.80     -0.7042977312E-15     -0.1295404756E-14     -0.2630592297E+01      0.1077849425E-18      0.1855796248E-18      0.3898135554E-03      0.0000000000E+00      0.3153447928E-06
    7400     1479.80     -0.6730727087E-15     -0.1375635716E-14     -0.2630290424E+01      0.7051549286E-19      0.2137170005E-18      0.3897688224E-03      0.0000000000E+00      0.3153447928E-06
    7450     1489.80     -0.6574601974E-15     -0.1389296664E-14     -0.2630028845E+01      0.9973812954E-19      0.2112817808E-18      0.3897300604E-03      0.0000000000E+00      0.3153447928E-06
    7500     1499.80     -0.5325601071E-15     -0.1343109651E-14     -0.2629874927E+01      0.8682087709E-19      0.2004821107E-18      0.3897072522E-03      0.0000000000E+00      0.3153447928E-06
    7550     1509.80     -0.6297046218E-15     -0.1360673726E-14     -0.2629868275E+01      0.1088437337E-18      0.2115464786E-18      0.3897062665E-03      0.0000000000E+00      0.3153447928E-06
    7600     1519.80     -0.7788908407E-15     -0.1326412938E-14     -0.2630010532E+01      0.9592648128E-19      0.1935470284E-18      0.3897273467E-03      0.0000000000E+00      0.3153447928E-06
    7650     1529.80     -0.6487865800E-15     -0.1371082067E-14     -0.2630264998E+01      0.1018557119E-18      0.2073377836E-18      0.3897650547E-03      0.0000000000E+00      0.3153447928E-06
    7700     1539.80     -0.7528699886E-15     -0.1309933065E-14     -0.2630566148E+01      0.1082084590E-18      0.2016732508E-18      0.3898096805E-03      0.0000000000E+00      0.3153447928E-06
    7750     1549.80     -0.8187894807E-15     -0.1382140929E-14     -0.2630836532E+01      0.1122318655E-18      0.2081054072E-18      0.3898497473E-03      0.0000000000E+00      0.3153447928E-06
    7800     1559.80     -0.6470518565E-15     -0.1331833949E-14     -0.2631006684E+01      0.1010086790E-18      0.1964057646E-18      0.3898749612E-03      0.0000000000E+00      0.3153447928E-06
    7850     1569.80     -0.7407269242E-15     -0.1380623046E-14     -0.2631032927E+01      0.9740878893E-19      0.2088200913E-18      0.3898788500E-03      0.0000000000E+00      0.3153447928E-06
    7900     1579.80     -0.7285838599E-15     -0.1330749747E-14     -0.2630908544E+01      0.1198551620E-18      0.2049290337E-18      0.3898604184E-03      0.0000000000E+00      0.3153447928E-06
    7950     1589.80     -0.8482797798E-15     -0.1459552965E-14     -0.2630665487E+01      0.1103260414E-18      0.2011173854E-18      0.3898244011E-03      0.0000000000E+00      0.3153447928E-06
    8000     1599.80     -0.8066464163E-15     -0.1458685603E-14     -0.2630366200E+01      0.1139259314E-18      0.2079201188E-18      0.3897800513E-03      0.0000000000E+00      0.3153447928E-06
    8050     1609.80     -0.8170547572E-15     -0.1406860739E-14     -0.2630087619E+01      0.1194316456E-18      0.2129493769E-18      0.3897387699E-03      0.0000000000E+00      0.3153447928E-06
    8100     1619.80     -0.7285838599E-15     -0.1455216156E-14     -0.2629901427E+01      0.1046085690E-18      0.2217373437E-18      0.3897111791E-03      0.0000000000E+00      0.3153447928E-06
    8150     1629.80     -0.8187894807E-15     -0.1377587280E-14     -0.2629855593E+01      0.1158317555E-18      0.2094288962E-18      0.3897043871E-03      0.0000000000E+00      0.3153447928E-06
    8200     1639.80     -0.8014422459E-15     -0.1356770599E-14     -0.2629961973E+01      0.1325606562E-18      0.1993968497E-18      0.3897201511E-03      0.0000000000E+00      0.3153447928E-06
    8250     1649.80     -0.9454242944E-15     -0.1366094737E-14     -0.2630193206E+01      0.1310783486E-18      0.1985762866E-18      0.3897544162E-03      0.0000000000E+00      0.3153447928E-06
    8300     1659.80     -0.7476658181E-15     -0.1481670689E-14     -0.2630489736E+01      0.9042076712E-19      0.2105406270E-18      0.3897983575E-03      0.0000000000E+00      0.3153447928E-06
    8350     1669.80     -0.7268491364E-15     -0.1423991133E-14     -0.2630775190E+01      0.1101142831E-18      0.2122876324E-18      0.3898406574E-03      0.0000000000E+00      0.3153447928E-06
    8400     1679.80     -0.6730727087E-15     -0.1400572366E-14     -0.2630976088E+01      0.1058791184E-18      0.2137699401E-18      0.3898704274E-03      0.0000000000E+00      0.3153447928E-06
    8450     1689.80     -0.6002143227E-15     -0.1446108858E-14     -0.2631040787E+01      0.8152692117E-19      0.2085818633E-18      0.3898800148E-03      0.0000000000E+00      0.3153447928E-06
    8500     1699.80     -0.8239936511E-15     -0.1460420326E-14     -0.2630952745E+01      0.1151964808E-18      0.2087671517E-18      0.3898669683E-03      0.0000000000E+00      0.3153447928E-06
    8550     1709.80     -0.8500145032E-15     -0.1365877897E-14     -0.2630734703E+01      0.1090554920E-18      0.2028114513E-18      0.3898346578E-03      0.0000000000E+00      0.3153447928E-06
    8600     1719.80     -0.7823602877E-15     -0.1434399474E-14     -0.2630442773E+01      0.1130788985E-18      0.2138758192E-18      0.3897913983E-03      0.0000000000E+00      0.3153447928E-06
    8650     1729.80     -0.7754213938E-15     -0.1435266836E-14     -0.2630151994E+01      0.1067261514E-18      0.2259460387E-18      0.3897483092E-03      0.0000000000E+00      0.3153447928E-06
    8700     1739.80     -0.7459310947E-15     -0.1436567879E-14     -0.2629937071E+01      0.1103260414E-18      0.2202815058E-18      0.3897164610E-03      0.0000000000E+00      0.3153447928E-06
    8750     1749.80     -0.7962380755E-15     -0.1572309991E-14     -0.2629853235E+01      0.1160435138E-18      0.2339399121E-18      0.3897040378E-03      0.0000000000E+00      0.3153447928E-06
    8800     1759.80     -0.7997075224E-15     -0.1546722819E-14     -0.2629922069E+01      0.1204904367E-18      0.2379633186E-18      0.3897142379E-03      0.0000000000E+00      0.3153447928E-06
    8850     1769.80     -0.8205242041E-15     -0.1594210874E-14     -0.2630125939E+01      0.1103260414E-18      0.2345487171E-18      0.3897444483E-03      0.0000000000E+00      0.3153447928E-06
    8900     1779.80     -0.8222589276E-15     -0.1540000766E-14     -0.2630412468E+01      0.1130788985E-18      0.2356604478E-18      0.3897869075E-03      0.0000000000E+00      0.3153447928E-06
    8950     1789.80     -0.7216449660E-15     -0.1505956818E-14     -0.2630707950E+01      0.9592648128E-19      0.2217373437E-18      0.3898306934E-03      0.0000000000E+00      0.3153447928E-06
    9000     1799.80     -0.6852157730E-15     -0.1515931478E-14     -0.2630936310E+01      0.1090554920E-18      0.2211020690E-18      0.3898645329E-03      0.0000000000E+00      0.3153447928E-06
    9050     1809.80     -0.7858297346E-15     -0.1514413595E-14     -0.2631038721E+01      0.1086319755E-18      0.2236961074E-18      0.3898797086E-03      0.0000000000E+00      0.3153447928E-06
    9100     1819.80     -0.7008282843E-15     -0.1447626741E-14     -0.2630988807E+01      0.9889109659E-19      0.2159934015E-18      0.3898723121E-03      0.0000000000E+00      0.3153447928E-06
    9150     1829.80     -0.7077671782E-15     -0.1296922639E-14     -0.2630799457E+01      0.1207021950E-18      0.1914294461E-18      0.3898442533E-03      0.0000000000E+00      0.3153447928E-06
    9200     1839.80     -0.6956241139E-15     -0.1405126016E-14     -0.2630519481E+01      0.1154082391E-18      0.1992909706E-18      0.3898027653E-03      0.0000000000E+00      0.3153447928E-06
    9250     1849.80     -0.7511352651E-15     -0.1343109651E-14     -0.2630220983E+01      0.1151964808E-18      0.1990262728E-18      0.3897585324E-03      0.0000000000E+00      0.3153447928E-06
    9300     1859.80     -0.8500145032E-15     -0.1366962099E-14     -0.2629980751E+01      0.1060908766E-18      0.2054319595E-18      0.3897229337E-03      0.0000000000E+00      0.3153447928E-06
    9350     1869.80     -0.7303185834E-15     -0.1356987439E-14     -0.2629860506E+01      0.1223962609E-18      0.2086083330E-18      0.3897051152E-03      0.0000000000E+00      0.3153447928E-06
    9400     1879.80     -0.8066464163E-15     -0.1378671483E-14     -0.2629891076E+01      0.1247256015E-18      0.2068083880E-18      0.3897096452E-03      0.0000000000E+00      0.3153447928E-06
    9450     1889.80     -0.7650130529E-15     -0.1394283994E-14     -0.2630064543E+01      0.1175258214E-18      0.2126317395E-18      0.3897353504E-03      0.0000000000E+00      0.3153447928E-06
    9500     1899.80     -0.7823602877E-15     -0.1468877103E-14     -0.2630336311E+01      0.1132906567E-18      0.2162051598E-18      0.3897756222E-03      0.0000000000E+00      0.3153447928E-06
    9550     1909.80     -0.7736866703E-15     -0.1568406863E-14     -0.2630636552E+01      0.1115965908E-18      0.2355545687E-18      0.3898201133E-03      0.0000000000E+00      0.3153447928E-06
    9600     1919.80     -0.8014422459E-15     -0.1525689297E-14     -0.2630888103E+01      0.1200669203E-18      0.2144581543E-18      0.3898573894E-03      0.0000000000E+00      0.3153447928E-06
    9650     1929.80     -0.7771561172E-15     -0.1422256410E-14     -0.2631026262E+01      0.1088437337E-18      0.2180580444E-18      0.3898778624E-03      0.0000000000E+00      0.3153447928E-06
    9700     1939.80     -0.8049116929E-15     -0.1386260898E-14     -0.2631015427E+01      0.1194316456E-18      0.2084759841E-18      0.3898762568E-03      0.0000000000E+00      0.3153447928E-06
    9750     1949.80     -0.6487865800E-15     -0.1418786963E-14     -0.2630858311E+01      0.1043968107E-18      0.2245696101E-18      0.3898529747E-03      0.0000000000E+00      0.3153447928E-06
    9800     1959.80     -0.6765421556E-15     -0.1544988096E-14     -0.2630595307E+01      0.9825582188E-19      0.2330928792E-18      0.3898140015E-03      0.0000000000E+00      0.3153447928E-06
    9850     1969.80     -0.7875644581E-15     -0.1683549133E-14     -0.2630294121E+01      0.1147729644E-18      0.2396573845E-18      0.3897693703E-03      0.0000000000E+00      0.3153447928E-06
    9900     1979.80     -0.8257283746E-15     -0.1516798839E-14     -0.2630032322E+01      0.1158317555E-18      0.2231667118E-18      0.3897305757E-03      0.0000000000E+00      0.3153447928E-06
    9950     1989.80     -0.7962380755E-15     -0.1498801083E-14     -0.2629877319E+01      0.1041850525E-18      0.2238813959E-18      0.3897076066E-03      0.0000000000E+00      0.3153447928E-06
   10000     1999.80     -0.7285838599E-15     -0.1446976219E-14     -0.2629868968E+01      0.1094790084E-18      0.2186403795E-18      0.3897063692E-03      0.0000000000E+00      0.3153447928E-06
