      50        9.8000     -0.2446216225E-20      0.2585504083E-18      0.2728128624E+01
     100       19.8000     -0.1787225341E-20      0.5708862076E-18      0.2728313092E+01
     150       29.8000     -0.1850216855E-19      0.2761301569E-18      0.2728748319E+01
     200       39.8000      0.1266700749E-18     -0.8671313607E-18      0.2729447869E+01
     250       49.8000      0.6456384867E-18     -0.2510783421E-17      0.2730342460E+01
     300       59.8000      0.1508835577E-17     -0.3881049092E-17      0.2731298546E+01
     350       69.8000      0.2583602140E-17     -0.4350391696E-17      0.2732152908E+01
     400       79.8000      0.3551037648E-17     -0.3926602394E-17      0.2732755050E+01
     450       89.8000      0.4026987261E-17     -0.3458903150E-17      0.2733006876E+01
     500       99.8000      0.4325829937E-17     -0.3728030102E-17      0.2732889562E+01
     550      109.8000      0.4608616256E-17     -0.4964996347E-17      0.2732470495E+01
     600      119.8000      0.5198152627E-17     -0.7080259838E-17      0.2731888110E+01
     650      129.8000      0.6310065061E-17     -0.9192754499E-17      0.2731318118E+01
     700      139.8000      0.7640623892E-17     -0.1055385416E-16      0.2730929600E+01
     750      149.8000      0.9019444607E-17     -0.1079072308E-16      0.2730842278E+01
     800      159.8000      0.1031355604E-16     -0.1073624679E-16      0.2731096128E+01
     850      169.8000      0.1166467437E-16     -0.1184625497E-16      0.2731641354E+01
     900      179.8000      0.1317289180E-16     -0.1450985898E-16      0.2732351406E+01
     950      189.8000      0.1425515941E-16     -0.1812345022E-16      0.2733055688E+01
    1000      199.8000      0.1533569872E-16     -0.2138103086E-16      0.2733583502E+01
    1050      209.8000      0.1696011365E-16     -0.2341703584E-16      0.2733807922E+01
    1100      219.8000      0.1862860827E-16     -0.2412879510E-16      0.2733678425E+01
    1150      229.8000      0.2068234174E-16     -0.2444424866E-16      0.2733233997E+01
    1200      239.8000      0.2271577766E-16     -0.2571674079E-16      0.2732593417E+01
    1250      249.8000      0.2444811085E-16     -0.2865934902E-16      0.2731925136E+01
    1300      259.8000      0.2675697756E-16     -0.3256209912E-16      0.2731404335E+01
    1350      269.8000      0.2931287702E-16     -0.3610371070E-16      0.2731168068E+01
    1400      279.8000      0.3213502470E-16     -0.3796421622E-16      0.2731279978E+01
    1450      289.8000      0.3512490620E-16     -0.3791759111E-16      0.2731713774E+01
    1500      299.8000      0.3821409310E-16     -0.3742958119E-16      0.2732359890E+01
    1550      309.8000      0.4120278333E-16     -0.3838481502E-16      0.2733053715E+01
    1600      319.8000      0.4350391239E-16     -0.4174261867E-16      0.2733618122E+01
    1650      329.8000      0.4468862310E-16     -0.4633031445E-16      0.2733909211E+01
    1700      339.8000      0.4504646013E-16     -0.4992637749E-16      0.2733853388E+01
    1750      349.8000      0.4524684401E-16     -0.5095481621E-16      0.2733466194E+01
    1800      359.8000      0.4638781505E-16     -0.5011881563E-16      0.2732848136E+01
    1850      369.8000      0.4899683476E-16     -0.5002761227E-16      0.2732158750E+01
    1900      379.8000      0.5265986645E-16     -0.5115086554E-16      0.2731575646E+01
    1950      389.8000      0.5646004415E-16     -0.5348074039E-16      0.2731249025E+01
    2000      399.8000      0.5969790188E-16     -0.5588002409E-16      0.2731263239E+01
    2050      409.8000      0.6253476814E-16     -0.5744477481E-16      0.2731615139E+01
    2100      419.8000      0.6458972948E-16     -0.5734553750E-16      0.2732214754E+01
    2150      429.8000      0.6553522315E-16     -0.5525092624E-16      0.2732908248E+01
    2200      439.8000      0.6605335160E-16     -0.5267418966E-16      0.2733517382E+01
    2250      449.8000      0.6698389795E-16     -0.5157521302E-16      0.2733885434E+01
    2300      459.8000      0.6805826660E-16     -0.5243784879E-16      0.2733917698E+01
    2350      469.8000      0.6924055497E-16     -0.5422723670E-16      0.2733606016E+01
    2400      479.8000      0.7045410441E-16     -0.5524189160E-16      0.2733030898E+01
    2450      489.8000      0.7270134581E-16     -0.5420028770E-16      0.2732340665E+01
    2500      499.8000      0.7576307931E-16     -0.5100246749E-16      0.2731713092E+01
    2550      509.8000      0.7834290202E-16     -0.4657855448E-16      0.2731309580E+01
    2600      519.8000      0.8025380868E-16     -0.4354780909E-16      0.2731233713E+01
    2650      529.8000      0.8075653771E-16     -0.4295320913E-16      0.2731504815E+01
    2700      539.8000      0.8077330220E-16     -0.4319131800E-16      0.2732053148E+01
    2750      549.8000      0.8069999859E-16     -0.4196647553E-16      0.2732737877E+01
    2800      559.8000      0.8062722323E-16     -0.3853512092E-16      0.2733383150E+01
    2850      569.8000      0.7998992032E-16     -0.3271879897E-16      0.2733823141E+01
    2900      579.8000      0.7960986195E-16     -0.2589621004E-16      0.2733944609E+01
    2950      589.8000      0.7962233630E-16     -0.2002168060E-16      0.2733716107E+01
    3000      599.8000      0.7938291686E-16     -0.1655760976E-16      0.2733196256E+01
    3050      609.8000      0.7804630103E-16     -0.1565167287E-16      0.2732518818E+01
    3100      619.8000      0.7642036558E-16     -0.1467441547E-16      0.2731858284E+01
    3150      629.8000      0.7496604054E-16     -0.1094772509E-16      0.2731384831E+01
    3200      639.8000      0.7430082384E-16     -0.4425570767E-17      0.2731220349E+01
    3250      649.8000      0.7415610850E-16      0.3367065788E-17      0.2731407013E+01
    3300      659.8000      0.7394020874E-16      0.1015925143E-16      0.2731896523E+01
    3350      669.8000      0.7369624175E-16      0.1532683568E-16      0.2732562739E+01
    3400      679.8000      0.7248784937E-16      0.1955673258E-16      0.2733234285E+01
    3450      689.8000      0.6965977476E-16      0.2348938047E-16      0.2733738632E+01
    3500      699.8000      0.6562783937E-16      0.2808619613E-16      0.2733946316E+01
    3550      709.8000      0.6186536209E-16      0.3372132035E-16      0.2733804050E+01
    3600      719.8000      0.5939834015E-16      0.4010836739E-16      0.2733348340E+01
    3650      729.8000      0.5899593589E-16      0.4687920317E-16      0.2732696188E+01
    3700      739.8000      0.5996759075E-16      0.5262281821E-16      0.2732015175E+01
    3750      749.8000      0.6161905251E-16      0.5682384395E-16      0.2731480503E+01
    3800      759.8000      0.6271025025E-16      0.6098197785E-16      0.2731229910E+01
    3850      769.8000      0.6129656293E-16      0.6650419948E-16      0.2731328078E+01
    3900      779.8000      0.5718463576E-16      0.7299523422E-16      0.2731749815E+01
    3950      789.8000      0.5079753264E-16      0.7935743067E-16      0.2732386474E+01
    4000      799.8000      0.4373363299E-16      0.8518132622E-16      0.2733074005E+01
    4050      809.8000      0.3864139058E-16      0.9031320677E-16      0.2733635364E+01
    4100      819.8000      0.3672674252E-16      0.9483177815E-16      0.2733926191E+01
    4150      829.8000      0.3800025400E-16      0.9904286278E-16      0.2733871924E+01
    4200      839.8000      0.4150068814E-16      0.1037087210E-15      0.2733486801E+01
    4250      849.8000      0.4483268124E-16      0.1090238942E-15      0.2732870008E+01
    4300      859.8000      0.4687869823E-16      0.1143023549E-15      0.2732180084E+01
    4350      869.8000      0.4539766265E-16      0.1183736161E-15      0.2731594247E+01
    4400      879.8000      0.3994786856E-16      0.1215514190E-15      0.2731263006E+01
    4450      889.8000      0.3255126477E-16      0.1251782240E-15      0.2731271580E+01
    4500      899.8000      0.2537146447E-16      0.1302107887E-15      0.2731617958E+01
    4550      909.8000      0.2088050435E-16      0.1359259027E-15      0.2732213250E+01
    4600      919.8000      0.2077685323E-16      0.1403692866E-15      0.2732904377E+01
    4650      929.8000      0.2399750952E-16      0.1430995425E-15      0.2733513397E+01
    4700      939.8000      0.2913379827E-16      0.1447734003E-15      0.2733883393E+01
    4750      949.8000      0.3337449966E-16      0.1464274270E-15      0.2733919043E+01
    4800      959.8000      0.3438753561E-16      0.1480100227E-15      0.2733611259E+01
    4850      969.8000      0.3112851715E-16      0.1496413119E-15      0.2733039482E+01
    4900      979.8000      0.2398502378E-16      0.1522311437E-15      0.2732351057E+01
    4950      989.8000      0.1640007612E-16      0.1558225921E-15      0.2731723144E+01
    5000      999.8000      0.1153209255E-16      0.1589831322E-15      0.2731317095E+01
    5050     1009.8000      0.1100794194E-16      0.1597916097E-15      0.2731237075E+01
    5100     1019.8000      0.1561075475E-16      0.1585725440E-15      0.2731503473E+01
    5150     1029.8000      0.2243139281E-16      0.1584593581E-15      0.2732047793E+01
    5200     1039.8000      0.2860094620E-16      0.1607225575E-15      0.2732730230E+01
    5250     1049.8000      0.3228579406E-16      0.1636242525E-15      0.2733375460E+01
    5300     1059.8000      0.3184663476E-16      0.1649033397E-15      0.2733817560E+01
    5350     1069.8000      0.2781111364E-16      0.1651569778E-15      0.2733942655E+01
    5400     1079.8000      0.2190765489E-16      0.1652879429E-15      0.2733718333E+01
    5450     1089.8000      0.1677576265E-16      0.1643558829E-15      0.2733202180E+01
    5500     1099.8000      0.1524357387E-16      0.1621321731E-15      0.2732527071E+01
    5550     1109.8000      0.1851644263E-16      0.1605286827E-15      0.2731866925E+01
    5600     1119.8000      0.2502875936E-16      0.1609055993E-15      0.2731391780E+01
    5650     1129.8000      0.3218659645E-16      0.1625123680E-15      0.2731223880E+01
    5700     1139.8000      0.3711738254E-16      0.1629211846E-15      0.2731406203E+01
    5750     1149.8000      0.3895268221E-16      0.1616747572E-15      0.2731891555E+01
    5800     1159.8000      0.3717460641E-16      0.1604287092E-15      0.2732554918E+01
    5850     1169.8000      0.3280084309E-16      0.1597554174E-15      0.2733225721E+01
    5900     1179.8000      0.2828481661E-16      0.1587126145E-15      0.2733731657E+01
    5950     1189.8000      0.2580267618E-16      0.1569204593E-15      0.2733942819E+01
    6000     1199.8000      0.2764980632E-16      0.1556765390E-15      0.2733804944E+01
    6050     1209.8000      0.3308741946E-16      0.1556922698E-15      0.2733353345E+01
    6100     1219.8000      0.3896860799E-16      0.1556702335E-15      0.2732703959E+01
    6150     1229.8000      0.4385551042E-16      0.1541925637E-15      0.2732023719E+01
    6200     1239.8000      0.4722020652E-16      0.1518462517E-15      0.2731487701E+01
    6250     1249.8000      0.4790951649E-16      0.1501743457E-15      0.2731234022E+01
    6300     1259.8000      0.4560110386E-16      0.1497075381E-15      0.2731328123E+01
    6350     1269.8000      0.4123521501E-16      0.1494620414E-15      0.2731745781E+01
    6400     1279.8000      0.3757780678E-16      0.1487559412E-15      0.2732379335E+01
    6450     1289.8000      0.3739390302E-16      0.1485017810E-15      0.2733065537E+01
    6500     1299.8000      0.4153193941E-16      0.1486446179E-15      0.2733627745E+01
    6550     1309.8000      0.4834543533E-16      0.1479586243E-15      0.2733921456E+01
    6600     1319.8000      0.5532525638E-16      0.1466880273E-15      0.2733871397E+01
    6650     1329.8000      0.6053498032E-16      0.1462581334E-15      0.2733490687E+01
    6700     1339.8000      0.6260388223E-16      0.1468010921E-15      0.2732877295E+01
    6750     1349.8000      0.6138438484E-16      0.1465875762E-15      0.2732188830E+01
    6800     1359.8000      0.5790518659E-16      0.1449834286E-15      0.2731602138E+01
    6850     1369.8000      0.5434331138E-16      0.1433497603E-15      0.2731268013E+01
    6900     1379.8000      0.5293985052E-16      0.1436301885E-15      0.2731272491E+01
    6950     1389.8000      0.5498066932E-16      0.1461800835E-15      0.2731614642E+01
    7000     1399.8000      0.5950923198E-16      0.1492890796E-15      0.2732206625E+01
    7050     1409.8000      0.6467723885E-16      0.1509755437E-15      0.2732896131E+01
    7100     1419.8000      0.6863816379E-16      0.1509239732E-15      0.2733505579E+01
    7150     1429.8000      0.7021465520E-16      0.1494687937E-15      0.2733877953E+01
    7200     1439.8000      0.6896073656E-16      0.1478654963E-15      0.2733917383E+01
    7250     1449.8000      0.6453166773E-16      0.1476789296E-15      0.2733613884E+01
    7300     1459.8000      0.5892399945E-16      0.1499545749E-15      0.2733045819E+01
    7350     1469.8000      0.5513727169E-16      0.1542069886E-15      0.2732359535E+01
    7400     1479.8000      0.5528107852E-16      0.1579519186E-15      0.2731731564E+01
    7450     1489.8000      0.5857939820E-16      0.1595593930E-15      0.2731323218E+01
    7500     1499.8000      0.6282544151E-16      0.1588449182E-15      0.2731239265E+01
    7550     1509.8000      0.6667868227E-16      0.1580336700E-15      0.2731501175E+01
    7600     1519.8000      0.6878097900E-16      0.1596833665E-15      0.2732041679E+01
    7650     1529.8000      0.6823865032E-16      0.1631243770E-15      0.2732721975E+01
    7700     1539.8000      0.6482816662E-16      0.1667131958E-15      0.2733367242E+01
    7750     1549.8000      0.5960442910E-16      0.1697237281E-15      0.2733811471E+01
    7800     1559.8000      0.5526099516E-16      0.1718739263E-15      0.2733940186E+01
    7850     1569.8000      0.5341930171E-16      0.1725430254E-15      0.2733720060E+01
    7900     1579.8000      0.5439015374E-16      0.1715933091E-15      0.2733207669E+01
    7950     1589.8000      0.5744337714E-16      0.1707632216E-15      0.2732534993E+01
    8000     1599.8000      0.6073264124E-16      0.1727956051E-15      0.2731875342E+01
    8050     1609.8000      0.6295232937E-16      0.1780453941E-15      0.2731398581E+01
    8100     1619.8000      0.6353501655E-16      0.1838238327E-15      0.2731227287E+01
    8150     1629.8000      0.6158749449E-16      0.1872178869E-15      0.2731405266E+01
    8200     1639.8000      0.5751921056E-16      0.1872140187E-15      0.2731886460E+01
    8250     1649.8000      0.5226656249E-16      0.1862381845E-15      0.2732546990E+01
    8300     1659.8000      0.4860193814E-16      0.1857237035E-15      0.2733217086E+01
    8350     1669.8000      0.4690869528E-16      0.1867104762E-15      0.2733724635E+01
    8400     1679.8000      0.4730432960E-16      0.1901878139E-15      0.2733939266E+01
    8450     1689.8000      0.4888479353E-16      0.1948289131E-15      0.2733805743E+01
    8500     1699.8000      0.5017408309E-16      0.1976206025E-15      0.2733358213E+01
    8550     1709.8000      0.5126439911E-16      0.1967051968E-15      0.2732711590E+01
    8600     1719.8000      0.5120806721E-16      0.1932260423E-15      0.2732032168E+01
    8650     1729.8000      0.4895206864E-16      0.1912231770E-15      0.2731494881E+01
    8700     1739.8000      0.4523201698E-16      0.1930399281E-15      0.2731238186E+01
    8750     1749.8000      0.4125398404E-16      0.1976763221E-15      0.2731328245E+01
    8800     1759.8000      0.3839363967E-16      0.2023203733E-15      0.2731741796E+01
    8850     1769.8000      0.3739679939E-16      0.2045753183E-15      0.2732372192E+01
    8900     1779.8000      0.3732869606E-16      0.2035928945E-15      0.2733057023E+01
    8950     1789.8000      0.3844319651E-16      0.1996046968E-15      0.2733620073E+01
    9000     1799.8000      0.3921170314E-16      0.1948408469E-15      0.2733916689E+01
    9050     1809.8000      0.3873868315E-16      0.1921805177E-15      0.2733870859E+01
    9100     1819.8000      0.3742554625E-16      0.1935048342E-15      0.2733494558E+01
    9150     1829.8000      0.3499140258E-16      0.1965461982E-15      0.2732884542E+01
    9200     1839.8000      0.3293191335E-16      0.1972436729E-15      0.2732197510E+01
    9250     1849.8000      0.3204945698E-16      0.1938237721E-15      0.2731609971E+01
    9300     1859.8000      0.3186279788E-16      0.1887968541E-15      0.2731273010E+01
    9350     1869.8000      0.3275298248E-16      0.1849233325E-15      0.2731273458E+01
    9400     1879.8000      0.3423430521E-16      0.1832183675E-15      0.2731611427E+01
    9450     1889.8000      0.3656889641E-16      0.1836791968E-15      0.2732200092E+01
    9500     1899.8000      0.3847676718E-16      0.1851952905E-15      0.2732887921E+01
    9550     1909.8000      0.3835377408E-16      0.1855759713E-15      0.2733497727E+01
    9600     1919.8000      0.3713658961E-16      0.1821913656E-15      0.2733872432E+01
    9650     1929.8000      0.3595061866E-16      0.1744997283E-15      0.2733915645E+01
    9700     1939.8000      0.3521612307E-16      0.1654353367E-15      0.2733616468E+01
    9750     1949.8000      0.3563546499E-16      0.1596931711E-15      0.2733052155E+01
    9800     1959.8000      0.3679795382E-16      0.1589111821E-15      0.2732368028E+01
    9850     1969.8000      0.3921735249E-16      0.1605879724E-15      0.2731739985E+01
    9900     1979.8000      0.4259012995E-16      0.1609771142E-15      0.2731329324E+01
    9950     1989.8000      0.4510922044E-16      0.1575714858E-15      0.2731241443E+01
   10000     1999.8000      0.4673933296E-16      0.1496886051E-15      0.2731498899E+01
